(mod  1 ): 1
ker : 
0 1 1 1 
0 0 1 1 
0 0 0 1 
0 0 0 0 

(mod  8 ): 1 2 3 4 5 7 8
ker : 
0 1 1 1 
0 0 1 1 
0 0 0 1 
0 0 0 1 

(mod  8 ): 1 2 3 4 6 7 8
ker : 
0 1 1 1 
0 0 1 1 
0 0 0 1 
0 0 1 0 

(mod  8 ): 1 2 3 5 6 7 8
ker : 
0 1 1 1 
0 0 1 1 
0 0 1 1 
0 0 0 0 

(mod  8 ): 1 2 3 5 7 8
ker : 
0 1 1 1 
0 0 1 1 
0 0 1 1 
0 0 0 1 

(mod  8 ): 1 2 4 5 6 7 8
ker : 
0 1 1 1 
0 0 1 1 
0 1 0 1 
0 0 0 0 

(mod  8 ): 1 2 4 5 7 8
ker : 
0 1 1 1 
0 0 1 1 
0 1 0 1 
0 0 0 1 

(mod  8 ): 1 3 4 5 6 7 8
ker : 
0 1 1 1 
0 1 1 1 
0 0 0 1 
0 0 0 0 

(mod  4 ): 1 3 4
ker : 
0 1 1 1 
0 1 1 1 
0 0 0 1 
0 0 0 1 

(mod  8 ): 1 3 4 6 7 8
ker : 
0 1 1 1 
0 1 1 1 
0 0 0 1 
0 0 1 0 

(mod  8 ): 1 3 5 6 7 8
ker : 
0 1 1 1 
0 1 1 1 
0 0 1 1 
0 0 0 0 

(mod  8 ): 1 3 5 7 8
ker : 
0 1 1 1 
0 1 1 1 
0 0 1 1 
0 0 0 1 

(mod  8 ): 1 2 3 4 5 6 8
ker : 
0 1 1 2 
0 0 1 1 
0 0 0 1 
0 0 0 0 

(mod  8 ): 1 2 3 5 6 8
ker : 
0 1 1 2 
0 0 1 1 
0 0 1 1 
0 0 0 0 

(mod  4 ): 1 2 4
ker : 
0 1 1 2 
0 0 1 1 
0 1 0 1 
0 0 0 0 

(mod  8 ): 1 2 5 6 8
ker : 
0 1 1 2 
0 0 1 1 
0 1 1 2 
0 0 1 1 

(mod  8 ): 1 3 4 5 6 8
ker : 
0 1 1 2 
0 1 1 1 
0 0 0 1 
0 0 0 0 

(mod  8 ): 1 3 5 6 8
ker : 
0 1 1 2 
0 1 1 1 
0 0 1 1 
0 0 0 0 

(mod  8 ): 1 4 5 6 8
ker : 
0 1 1 2 
0 1 1 2 
0 1 0 1 
0 1 0 1 

(mod  8 ): 1 5 6 8
ker : 
0 1 1 2 
0 1 1 2 
0 1 1 2 
0 1 1 2 

(mod  6 ): 1 2 4 6
ker : 
0 2 1 2 
0 0 1 1 
0 1 0 2 
0 0 0 0 

(mod  12 ): 1 4 6 7 8 10 12
ker : 
0 2 1 2 
0 2 1 2 
0 1 0 2 
0 1 0 2 

(mod  8 ): 1 2 3 4 8
ker : 
0 2 2 2 
0 0 2 2 
0 0 0 2 
0 0 0 0 

(mod  8 ): 1 2 3 4 5 6 7
ker : 
1 1 1 1 
0 0 1 1 
0 0 0 1 
0 0 0 0 

(mod  8 ): 1 2 3 4 5 7
ker : 
1 1 1 1 
0 0 1 1 
0 0 0 1 
0 0 0 1 

(mod  8 ): 1 2 3 4 6 7
ker : 
1 1 1 1 
0 0 1 1 
0 0 0 1 
0 0 1 0 

(mod  4 ): 1 2 3
ker : 
1 1 1 1 
0 0 1 1 
0 0 1 1 
0 0 0 0 

(mod  8 ): 1 2 3 5 7
ker : 
1 1 1 1 
0 0 1 1 
0 0 1 1 
0 0 0 1 

(mod  8 ): 1 2 4 5 6 7
ker : 
1 1 1 1 
0 0 1 1 
0 1 0 1 
0 0 0 0 

(mod  8 ): 1 2 4 5 7
ker : 
1 1 1 1 
0 0 1 1 
0 1 0 1 
0 0 0 1 

(mod  8 ): 1 3 4 5 6 7
ker : 
1 1 1 1 
0 1 1 1 
0 0 0 1 
0 0 0 0 

(mod  8 ): 1 3 4 5 7
ker : 
1 1 1 1 
0 1 1 1 
0 0 0 1 
0 0 0 1 

(mod  8 ): 1 3 4 6 7
ker : 
1 1 1 1 
0 1 1 1 
0 0 0 1 
0 0 1 0 

(mod  8 ): 1 3 5 6 7
ker : 
1 1 1 1 
0 1 1 1 
0 0 1 1 
0 0 0 0 

(mod  2 ): 1
ker : 
1 1 1 1 
0 1 1 1 
0 0 1 1 
0 0 0 1 

(mod  5 ): 1 4
ker : 
1 1 1 2 
1 1 1 1 
0 1 1 1 
0 0 1 1 

(mod  8 ): 1 5 6
ker : 
1 1 1 2 
1 1 1 2 
0 1 1 1 
0 1 1 1 

(mod  8 ): 1 4 7
ker : 
1 1 2 2 
1 1 1 1 
1 1 1 1 
0 0 1 1 

(mod  5 ): 1 4
ker : 
1 2 1 2 
0 1 1 1 
0 1 1 2 
0 0 0 1 

(mod  8 ): 1 5 6
ker : 
1 2 1 2 
0 1 1 2 
0 1 1 2 
0 1 0 1 

(mod  8 ): 1 4 7
ker : 
1 2 2 2 
0 1 1 1 
1 1 1 2 
0 0 0 1 

