0

1

2

3
2 1

4
3 1

5
4 1

6
5 1
4 2

7
6 1
5 2
4 3

8
7 1
6 2
5 3

9
8 1
7 2
6 3
5 4
6 2 1

10
9 1
8 2
7 3
5 5
7 2 1
6 3 1

11
10 1
9 2
8 3
7 4
6 5
8 2 1
7 3 1

12
11 1
10 2
9 3
8 4
7 5
9 2 1
8 3 1
7 4 1
6 5 1

13
12 1
11 2
10 3
9 4
8 5
7 6
10 2 1
9 3 1
8 4 1
7 5 1
7 4 2

14
13 1
12 2
11 3
10 4
9 5
8 6
11 2 1
10 3 1
9 4 1
8 5 1
8 4 2
7 6 1
7 5 2

15
14 1
13 2
12 3
11 4
10 5
9 6
12 2 1
11 3 1
10 4 1
9 5 1
9 4 2
8 6 1
8 5 2
8 4 3
7 6 2

16
15 1
14 2
13 3
12 4
11 5
10 6
9 7
13 2 1
12 3 1
11 4 1
10 5 1
10 4 2
9 6 1
9 5 2
9 4 3
8 6 2
8 5 3
7 6 2 1

17
16 1
15 2
14 3
13 4
12 5
11 6
10 7
9 8
14 2 1
13 3 1
12 4 1
11 5 1
11 4 2
10 6 1
10 5 2
10 4 3
9 7 1
9 6 2
9 5 3
8 6 3
8 6 2 1

18
17 1
16 2
15 3
14 4
13 5
12 6
11 7
10 8
15 2 1
14 3 1
13 4 1
12 5 1
12 4 2
11 6 1
11 5 2
11 4 3
10 7 1
10 6 2
10 5 3
9 8 1
9 7 2
9 6 3
9 5 4
9 6 2 1
8 6 3 1

19
18 1
17 2
16 3
15 4
14 5
13 6
12 7
11 8
10 9
16 2 1
15 3 1
14 4 1
13 5 1
13 4 2
12 6 1
12 5 2
12 4 3
11 7 1
11 6 2
11 5 3
10 8 1
10 7 2
10 6 3
10 5 4
9 8 2
9 7 3
10 6 2 1
9 7 2 1
9 6 3 1

20
19 1
18 2
17 3
16 4
15 5
14 6
13 7
12 8
10 10
17 2 1
16 3 1
15 4 1
14 5 1
14 4 2
13 6 1
13 5 2
13 4 3
12 7 1
12 6 2
12 5 3
11 8 1
11 7 2
11 6 3
11 5 4
10 9 1
10 8 2
10 7 3
9 8 3
9 7 4
11 6 2 1
10 7 2 1
10 6 3 1
9 8 2 1
9 7 3 1

1 1 1 2 2 2 3 4 4 6 7 8 10 12 14 16 19 22 26 30 35
0 1 0 1 0 0 0 1 0 1 0 1 0 1 0 0 0 1 0 1 0
(mod  10 ): 1 3 7 9
