0 0 0 0 0 1 1 1 1 1 2 2 3 4 5 5 7 8 10 12 13 16 19 23 27 30 35 41 47 55 63




5

5 1

5 2

5 3

5 4

10
5 5

10 1
6 5

10 2
7 5
6 5 1

10 3
8 5
10 2 1
7 5 1

10 4
9 5
10 3 1
8 5 1
7 5 2

15
10 5
10 4 1
9 5 1
8 5 2

15 1
11 5
10 6
10 5 1
10 4 2
9 5 2
8 5 3

15 2
12 5
10 7
11 5 1
10 6 1
10 5 2
10 4 3
9 5 3

15 3
13 5
10 8
15 2 1
12 5 1
11 5 2
10 7 1
10 6 2
10 5 3
9 5 4

15 4
14 5
10 9
15 3 1
13 5 1
12 5 2
11 5 3
10 8 1
10 7 2
10 6 3
10 5 4
10 6 2 1

20
15 5
10 10
15 4 1
14 5 1
13 5 2
12 5 3
11 5 4
10 9 1
10 8 2
10 7 3
10 7 2 1
10 6 3 1

20 1
16 5
15 6
11 10
15 5 1
15 4 2
14 5 2
13 5 3
12 5 4
11 5 5
10 10 1
10 9 2
10 8 3
10 7 4
10 8 2 1
10 7 3 1

20 2
17 5
15 7
12 10
16 5 1
15 6 1
15 5 2
15 4 3
14 5 3
13 5 4
12 5 5
11 10 1
11 6 5
10 10 2
10 9 3
10 8 4
10 9 2 1
10 8 3 1
10 7 4 1

20 3
18 5
15 8
13 10
20 2 1
17 5 1
16 5 2
15 7 1
15 6 2
15 5 3
14 5 4
13 5 5
12 10 1
12 6 5
11 10 2
11 7 5
10 10 3
10 9 4
11 6 5 1
10 10 2 1
10 9 3 1
10 8 4 1
10 7 4 2

20 4
19 5
15 9
14 10
20 3 1
18 5 1
17 5 2
16 5 3
15 8 1
15 7 2
15 6 3
15 5 4
14 5 5
13 10 1
13 6 5
12 10 2
12 7 5
11 10 3
11 8 5
10 10 4
15 6 2 1
12 6 5 1
11 10 2 1
11 7 5 1
10 10 3 1
10 9 4 1
10 8 4 2

25
20 5
15 10
20 4 1
19 5 1
18 5 2
17 5 3
16 5 4
15 9 1
15 8 2
15 7 3
15 5 5
14 10 1
14 6 5
13 10 2
13 7 5
12 10 3
12 8 5
11 10 4
15 7 2 1
15 6 3 1
13 6 5 1
12 10 2 1
12 7 5 1
11 10 3 1
11 8 5 1
11 7 5 2
10 10 4 1
10 9 4 2
10 8 4 3

25 1
21 5
20 6
16 10
15 11
20 5 1
20 4 2
19 5 2
18 5 3
17 5 4
16 5 5
15 10 1
15 9 2
15 8 3
15 7 4
15 6 5
14 10 2
14 7 5
13 10 3
13 8 5
12 10 4
12 9 5
11 10 5
15 8 2 1
15 7 3 1
14 6 5 1
13 10 2 1
13 7 5 1
12 10 3 1
12 8 5 1
12 7 5 2
11 10 4 1
11 8 5 2
10 10 4 2
10 9 4 3

25 2
22 5
20 7
17 10
15 12
21 5 1
20 6 1
20 5 2
20 4 3
19 5 3
18 5 4
17 5 5
16 10 1
16 6 5
15 11 1
15 10 2
15 9 3
15 8 4
15 7 5
14 10 3
14 8 5
13 10 4
13 9 5
12 10 5
11 10 6
15 9 2 1
15 8 3 1
15 7 4 1
15 6 5 1
14 10 2 1
14 7 5 1
13 10 3 1
13 8 5 1
13 7 5 2
12 10 4 1
12 9 5 1
12 8 5 2
11 10 5 1
11 10 4 2
11 8 5 3
10 10 4 3

25 3
23 5
20 8
18 10
15 13
25 2 1
22 5 1
21 5 2
20 7 1
20 6 2
20 5 3
19 5 4
18 5 5
17 10 1
17 6 5
16 10 2
16 7 5
15 12 1
15 11 2
15 10 3
15 9 4
15 8 5
15 7 6
14 10 4
14 9 5
13 10 5
12 11 5
12 10 6
16 6 5 1
15 10 2 1
15 9 3 1
15 8 4 1
15 7 5 1
15 7 4 2
14 10 3 1
14 8 5 1
14 7 5 2
13 10 4 1
13 9 5 1
13 8 5 2
12 10 5 1
12 10 4 2
12 9 5 2
12 8 5 3
11 10 6 1
11 10 5 2
11 10 4 3

25 4
24 5
20 9
19 10
15 14
25 3 1
23 5 1
22 5 2
21 5 3
20 8 1
20 7 2
20 6 3
20 5 4
19 5 5
18 10 1
18 6 5
17 10 2
17 7 5
16 10 3
16 8 5
15 13 1
15 12 2
15 11 3
15 10 4
15 9 5
15 8 6
14 10 5
13 11 5
13 10 6
12 10 7
20 6 2 1
17 6 5 1
16 10 2 1
16 7 5 1
15 11 2 1
15 10 3 1
15 9 4 1
15 8 5 1
15 8 4 2
15 7 6 1
15 7 5 2
14 10 4 1
14 9 5 1
14 8 5 2
13 10 5 1
13 10 4 2
13 9 5 2
13 8 5 3
12 11 5 1
12 10 6 1
12 10 5 2
12 10 4 3
12 9 5 3
11 10 6 2
11 10 5 3

30
25 5
20 10
15 15
25 4 1
24 5 1
23 5 2
22 5 3
21 5 4
20 9 1
20 8 2
20 7 3
20 5 5
19 10 1
19 6 5
18 10 2
18 7 5
17 10 3
17 8 5
16 10 4
16 9 5
15 14 1
15 13 2
15 12 3
15 11 4
15 10 5
15 9 6
14 11 5
14 10 6
13 10 7
20 7 2 1
20 6 3 1
18 6 5 1
17 10 2 1
17 7 5 1
16 10 3 1
16 8 5 1
16 7 5 2
15 12 2 1
15 11 3 1
15 10 4 1
15 9 5 1
15 9 4 2
15 8 6 1
15 8 5 2
15 8 4 3
15 7 6 2
14 10 5 1
14 10 4 2
14 9 5 2
14 8 5 3
13 11 5 1
13 10 6 1
13 10 5 2
13 10 4 3
13 9 5 3
12 11 5 2
12 10 7 1
12 10 6 2
12 10 5 3
12 9 5 4
11 10 6 3
11 10 6 2 1
