1 : 1
2 : 2
3 : 3
4 : 5
5 : 7
6 : 11
7 : 15
8 : 22
9 : 30
10 : 42
11 : 56
12 : 77
13 : 101
14 : 135
15 : 176
16 : 231
17 : 297
18 : 385
19 : 490
20 : 627
21 : 792
22 : 1002
23 : 1255
24 : 1575
25 : 1958
26 : 2436
27 : 3010
28 : 3718
29 : 4565
30 : 5604
31 : 6842
32 : 8349
33 : 10143
34 : 12310
35 : 14883
36 : 17977
37 : 21637
38 : 26015
39 : 31185
40 : 37338
41 : 44583
42 : 53174
43 : 63261
44 : 75175
45 : 89134
46 : 105558
47 : 124754
48 : 147273
49 : 173525
50 : 204226





5

5 1

5 2

5 3

5 4

10
5 5

10 1
6 5

10 2
7 5
6 5 1

10 3
8 5
10 2 1
7 5 1

10 4
9 5
10 3 1
8 5 1
7 5 2

15
10 5
10 4 1
9 5 1
8 5 2

15 1
11 5
10 6
10 5 1
10 4 2
9 5 2
8 5 3

15 2
12 5
10 7
11 5 1
10 6 1
10 5 2
10 4 3
9 5 3

15 3
13 5
10 8
15 2 1
12 5 1
11 5 2
10 7 1
10 6 2
10 5 3
9 5 4

15 4
14 5
10 9
15 3 1
13 5 1
12 5 2
11 5 3
10 8 1
10 7 2
10 6 3
10 5 4
10 6 2 1

20
15 5
10 10
15 4 1
14 5 1
13 5 2
12 5 3
11 5 4
10 9 1
10 8 2
10 7 3
10 7 2 1
10 6 3 1

20 1
16 5
15 6
11 10
15 5 1
15 4 2
14 5 2
13 5 3
12 5 4
11 5 5
10 10 1
10 9 2
10 8 3
10 7 4
10 8 2 1
10 7 3 1

20 2
17 5
15 7
12 10
16 5 1
15 6 1
15 5 2
15 4 3
14 5 3
13 5 4
12 5 5
11 10 1
11 6 5
10 10 2
10 9 3
10 8 4
10 9 2 1
10 8 3 1
10 7 4 1

20 3
18 5
15 8
13 10
20 2 1
17 5 1
16 5 2
15 7 1
15 6 2
15 5 3
14 5 4
13 5 5
12 10 1
12 6 5
11 10 2
11 7 5
10 10 3
10 9 4
11 6 5 1
10 10 2 1
10 9 3 1
10 8 4 1
10 7 4 2

20 4
19 5
15 9
14 10
20 3 1
18 5 1
17 5 2
16 5 3
15 8 1
15 7 2
15 6 3
15 5 4
14 5 5
13 10 1
13 6 5
12 10 2
12 7 5
11 10 3
11 8 5
10 10 4
15 6 2 1
12 6 5 1
11 10 2 1
11 7 5 1
10 10 3 1
10 9 4 1
10 8 4 2

25
20 5
15 10
20 4 1
19 5 1
18 5 2
17 5 3
16 5 4
15 9 1
15 8 2
15 7 3
15 5 5
14 10 1
14 6 5
13 10 2
13 7 5
12 10 3
12 8 5
11 10 4
15 7 2 1
15 6 3 1
13 6 5 1
12 10 2 1
12 7 5 1
11 10 3 1
11 8 5 1
11 7 5 2
10 10 4 1
10 9 4 2
10 8 4 3

25 1
21 5
20 6
16 10
15 11
20 5 1
20 4 2
19 5 2
18 5 3
17 5 4
16 5 5
15 10 1
15 9 2
15 8 3
15 7 4
15 6 5
14 10 2
14 7 5
13 10 3
13 8 5
12 10 4
12 9 5
11 10 5
15 8 2 1
15 7 3 1
14 6 5 1
13 10 2 1
13 7 5 1
12 10 3 1
12 8 5 1
12 7 5 2
11 10 4 1
11 8 5 2
10 10 4 2
10 9 4 3

25 2
22 5
20 7
17 10
15 12
21 5 1
20 6 1
20 5 2
20 4 3
19 5 3
18 5 4
17 5 5
16 10 1
16 6 5
15 11 1
15 10 2
15 9 3
15 8 4
15 7 5
14 10 3
14 8 5
13 10 4
13 9 5
12 10 5
11 10 6
15 9 2 1
15 8 3 1
15 7 4 1
15 6 5 1
14 10 2 1
14 7 5 1
13 10 3 1
13 8 5 1
13 7 5 2
12 10 4 1
12 9 5 1
12 8 5 2
11 10 5 1
11 10 4 2
11 8 5 3
10 10 4 3

25 3
23 5
20 8
18 10
15 13
25 2 1
22 5 1
21 5 2
20 7 1
20 6 2
20 5 3
19 5 4
18 5 5
17 10 1
17 6 5
16 10 2
16 7 5
15 12 1
15 11 2
15 10 3
15 9 4
15 8 5
15 7 6
14 10 4
14 9 5
13 10 5
12 11 5
12 10 6
16 6 5 1
15 10 2 1
15 9 3 1
15 8 4 1
15 7 5 1
15 7 4 2
14 10 3 1
14 8 5 1
14 7 5 2
13 10 4 1
13 9 5 1
13 8 5 2
12 10 5 1
12 10 4 2
12 9 5 2
12 8 5 3
11 10 6 1
11 10 5 2
11 10 4 3

25 4
24 5
20 9
19 10
15 14
25 3 1
23 5 1
22 5 2
21 5 3
20 8 1
20 7 2
20 6 3
20 5 4
19 5 5
18 10 1
18 6 5
17 10 2
17 7 5
16 10 3
16 8 5
15 13 1
15 12 2
15 11 3
15 10 4
15 9 5
15 8 6
14 10 5
13 11 5
13 10 6
12 10 7
20 6 2 1
17 6 5 1
16 10 2 1
16 7 5 1
15 11 2 1
15 10 3 1
15 9 4 1
15 8 5 1
15 8 4 2
15 7 6 1
15 7 5 2
14 10 4 1
14 9 5 1
14 8 5 2
13 10 5 1
13 10 4 2
13 9 5 2
13 8 5 3
12 11 5 1
12 10 6 1
12 10 5 2
12 10 4 3
12 9 5 3
11 10 6 2
11 10 5 3

30
25 5
20 10
15 15
25 4 1
24 5 1
23 5 2
22 5 3
21 5 4
20 9 1
20 8 2
20 7 3
20 5 5
19 10 1
19 6 5
18 10 2
18 7 5
17 10 3
17 8 5
16 10 4
16 9 5
15 14 1
15 13 2
15 12 3
15 11 4
15 10 5
15 9 6
14 11 5
14 10 6
13 10 7
20 7 2 1
20 6 3 1
18 6 5 1
17 10 2 1
17 7 5 1
16 10 3 1
16 8 5 1
16 7 5 2
15 12 2 1
15 11 3 1
15 10 4 1
15 9 5 1
15 9 4 2
15 8 6 1
15 8 5 2
15 8 4 3
15 7 6 2
14 10 5 1
14 10 4 2
14 9 5 2
14 8 5 3
13 11 5 1
13 10 6 1
13 10 5 2
13 10 4 3
13 9 5 3
12 11 5 2
12 10 7 1
12 10 6 2
12 10 5 3
12 9 5 4
11 10 6 3
11 10 6 2 1

30 1
26 5
25 6
21 10
20 11
16 15
25 5 1
25 4 2
24 5 2
23 5 3
22 5 4
21 5 5
20 10 1
20 9 2
20 8 3
20 7 4
20 6 5
19 10 2
19 7 5
18 10 3
18 8 5
17 10 4
17 9 5
16 10 5
15 15 1
15 14 2
15 13 3
15 12 4
15 11 5
15 10 6
15 9 7
14 12 5
14 10 7
13 10 8
20 8 2 1
20 7 3 1
19 6 5 1
18 10 2 1
18 7 5 1
17 10 3 1
17 8 5 1
17 7 5 2
16 10 4 1
16 9 5 1
16 8 5 2
15 13 2 1
15 12 3 1
15 11 4 1
15 10 5 1
15 10 4 2
15 9 6 1
15 9 5 2
15 9 4 3
15 8 6 2
15 8 5 3
14 11 5 1
14 10 6 1
14 10 5 2
14 10 4 3
14 9 5 3
13 11 5 2
13 10 7 1
13 10 6 2
13 10 5 3
13 9 5 4
12 11 5 3
12 10 7 2
12 10 6 3
12 10 5 4
15 7 6 2 1
12 10 6 2 1
11 10 6 3 1

30 2
27 5
25 7
22 10
20 12
17 15
26 5 1
25 6 1
25 5 2
25 4 3
24 5 3
23 5 4
22 5 5
21 10 1
21 6 5
20 11 1
20 10 2
20 9 3
20 8 4
20 7 5
19 10 3
19 8 5
18 10 4
18 9 5
17 10 5
16 15 1
16 11 5
16 10 6
15 15 2
15 14 3
15 13 4
15 12 5
15 11 6
15 10 7
15 9 8
14 13 5
14 10 8
20 9 2 1
20 8 3 1
20 7 4 1
20 6 5 1
19 10 2 1
19 7 5 1
18 10 3 1
18 8 5 1
18 7 5 2
17 10 4 1
17 9 5 1
17 8 5 2
16 10 5 1
16 10 4 2
16 9 5 2
16 8 5 3
15 14 2 1
15 13 3 1
15 12 4 1
15 11 5 1
15 11 4 2
15 10 6 1
15 10 5 2
15 10 4 3
15 9 7 1
15 9 6 2
15 9 5 3
15 8 6 3
14 12 5 1
14 11 5 2
14 10 7 1
14 10 6 2
14 10 5 3
14 9 5 4
13 11 5 3
13 10 8 1
13 10 7 2
13 10 6 3
13 10 5 4
12 11 5 4
12 10 7 3
15 8 6 2 1
13 10 6 2 1
12 10 7 2 1
12 10 6 3 1

30 3
28 5
25 8
23 10
20 13
18 15
30 2 1
27 5 1
26 5 2
25 7 1
25 6 2
25 5 3
24 5 4
23 5 5
22 10 1
22 6 5
21 10 2
21 7 5
20 12 1
20 11 2
20 10 3
20 9 4
20 8 5
20 7 6
19 10 4
19 9 5
18 10 5
17 15 1
17 11 5
17 10 6
16 15 2
16 12 5
16 10 7
15 15 3
15 14 4
15 13 5
15 12 6
15 11 7
15 10 8
14 10 9
21 6 5 1
20 10 2 1
20 9 3 1
20 8 4 1
20 7 5 1
20 7 4 2
19 10 3 1
19 8 5 1
19 7 5 2
18 10 4 1
18 9 5 1
18 8 5 2
17 10 5 1
17 10 4 2
17 9 5 2
17 8 5 3
16 11 5 1
16 10 6 1
16 10 5 2
16 10 4 3
16 9 5 3
15 15 2 1
15 14 3 1
15 13 4 1
15 12 5 1
15 12 4 2
15 11 6 1
15 11 5 2
15 11 4 3
15 10 7 1
15 10 6 2
15 10 5 3
15 9 8 1
15 9 7 2
15 9 6 3
15 9 5 4
14 13 5 1
14 12 5 2
14 11 5 3
14 10 8 1
14 10 7 2
14 10 6 3
14 10 5 4
13 11 5 4
13 10 8 2
13 10 7 3
12 11 5 5
12 10 7 4
15 9 6 2 1
15 8 6 3 1
14 10 6 2 1
13 10 7 2 1
13 10 6 3 1
12 10 7 3 1

30 4
29 5
25 9
24 10
20 14
19 15
30 3 1
28 5 1
27 5 2
26 5 3
25 8 1
25 7 2
25 6 3
25 5 4
24 5 5
23 10 1
23 6 5
22 10 2
22 7 5
21 10 3
21 8 5
20 13 1
20 12 2
20 11 3
20 10 4
20 9 5
20 8 6
19 10 5
18 15 1
18 11 5
18 10 6
17 15 2
17 12 5
17 10 7
16 15 3
16 13 5
16 10 8
15 15 4
15 14 5
15 13 6
15 12 7
15 11 8
15 10 9
25 6 2 1
22 6 5 1
21 10 2 1
21 7 5 1
20 11 2 1
20 10 3 1
20 9 4 1
20 8 5 1
20 8 4 2
20 7 6 1
20 7 5 2
19 10 4 1
19 9 5 1
19 8 5 2
18 10 5 1
18 10 4 2
18 9 5 2
18 8 5 3
17 11 5 1
17 10 6 1
17 10 5 2
17 10 4 3
17 9 5 3
16 15 2 1
16 12 5 1
16 11 5 2
16 10 7 1
16 10 6 2
16 10 5 3
16 9 5 4
15 15 3 1
15 14 4 1
15 13 5 1
15 13 4 2
15 12 6 1
15 12 5 2
15 12 4 3
15 11 7 1
15 11 6 2
15 11 5 3
15 10 8 1
15 10 7 2
15 10 6 3
15 10 5 4
15 9 8 2
15 9 7 3
14 13 5 2
14 12 5 3
14 11 5 4
14 10 9 1
14 10 8 2
14 10 7 3
13 11 5 5
13 10 8 3
13 10 7 4
12 11 6 5
15 10 6 2 1
15 9 7 2 1
15 9 6 3 1
14 10 7 2 1
14 10 6 3 1
13 10 8 2 1
13 10 7 3 1
12 10 7 4 1

35
30 5
25 10
20 15
30 4 1
29 5 1
28 5 2
27 5 3
26 5 4
25 9 1
25 8 2
25 7 3
25 5 5
24 10 1
24 6 5
23 10 2
23 7 5
22 10 3
22 8 5
21 10 4
21 9 5
20 14 1
20 13 2
20 12 3
20 11 4
20 10 5
20 9 6
19 15 1
19 11 5
19 10 6
18 15 2
18 12 5
18 10 7
17 15 3
17 13 5
17 10 8
16 15 4
16 10 9
15 15 5
15 14 6
15 13 7
15 12 8
25 7 2 1
25 6 3 1
23 6 5 1
22 10 2 1
22 7 5 1
21 10 3 1
21 8 5 1
21 7 5 2
20 12 2 1
20 11 3 1
20 10 4 1
20 9 5 1
20 9 4 2
20 8 6 1
20 8 5 2
20 8 4 3
20 7 6 2
19 10 5 1
19 10 4 2
19 9 5 2
19 8 5 3
18 11 5 1
18 10 6 1
18 10 5 2
18 10 4 3
18 9 5 3
17 15 2 1
17 12 5 1
17 11 5 2
17 10 7 1
17 10 6 2
17 10 5 3
17 9 5 4
16 15 3 1
16 13 5 1
16 12 5 2
16 11 5 3
16 10 8 1
16 10 7 2
16 10 6 3
16 10 5 4
15 15 4 1
15 14 5 1
15 14 4 2
15 13 6 1
15 13 5 2
15 13 4 3
15 12 7 1
15 12 6 2
15 12 5 3
15 11 8 1
15 11 7 2
15 11 6 3
15 11 5 4
15 10 9 1
15 10 8 2
15 10 7 3
15 9 8 3
15 9 7 4
14 13 5 3
14 12 5 4
14 11 5 5
14 10 9 2
14 10 8 3
14 10 7 4
13 11 6 5
13 10 8 4
12 11 7 5
16 10 6 2 1
15 11 6 2 1
15 10 7 2 1
15 10 6 3 1
15 9 8 2 1
15 9 7 3 1
14 10 8 2 1
14 10 7 3 1
13 10 8 3 1
13 10 7 4 1
12 11 6 5 1
12 10 7 4 2

35 1
31 5
30 6
26 10
25 11
21 15
20 16
30 5 1
30 4 2
29 5 2
28 5 3
27 5 4
26 5 5
25 10 1
25 9 2
25 8 3
25 7 4
25 6 5
24 10 2
24 7 5
23 10 3
23 8 5
22 10 4
22 9 5
21 10 5
20 15 1
20 14 2
20 13 3
20 12 4
20 11 5
20 10 6
20 9 7
19 15 2
19 12 5
19 10 7
18 15 3
18 13 5
18 10 8
17 15 4
17 14 5
17 10 9
16 15 5
16 10 10
15 15 6
15 14 7
15 13 8
15 12 9
25 8 2 1
25 7 3 1
24 6 5 1
23 10 2 1
23 7 5 1
22 10 3 1
22 8 5 1
22 7 5 2
21 10 4 1
21 9 5 1
21 8 5 2
20 13 2 1
20 12 3 1
20 11 4 1
20 10 5 1
20 10 4 2
20 9 6 1
20 9 5 2
20 9 4 3
20 8 6 2
20 8 5 3
19 11 5 1
19 10 6 1
19 10 5 2
19 10 4 3
19 9 5 3
18 15 2 1
18 12 5 1
18 11 5 2
18 10 7 1
18 10 6 2
18 10 5 3
18 9 5 4
17 15 3 1
17 13 5 1
17 12 5 2
17 11 5 3
17 10 8 1
17 10 7 2
17 10 6 3
17 10 5 4
16 15 4 1
16 13 5 2
16 12 5 3
16 11 5 4
16 10 9 1
16 10 8 2
16 10 7 3
15 15 5 1
15 15 4 2
15 14 6 1
15 14 5 2
15 14 4 3
15 13 7 1
15 13 6 2
15 13 5 3
15 12 8 1
15 12 7 2
15 12 6 3
15 12 5 4
15 11 8 2
15 11 7 3
15 11 5 5
15 10 9 2
15 10 8 3
15 10 7 4
15 9 8 4
14 13 5 4
14 12 5 5
14 11 6 5
14 10 9 3
14 10 8 4
13 11 7 5
20 7 6 2 1
17 10 6 2 1
16 10 7 2 1
16 10 6 3 1
15 12 6 2 1
15 11 7 2 1
15 11 6 3 1
15 10 8 2 1
15 10 7 3 1
15 9 8 3 1
15 9 7 4 1
14 10 9 2 1
14 10 8 3 1
14 10 7 4 1
13 11 6 5 1
13 10 8 4 1
13 10 7 4 2
12 11 7 5 1

35 2
32 5
30 7
27 10
25 12
22 15
20 17
31 5 1
30 6 1
30 5 2
30 4 3
29 5 3
28 5 4
27 5 5
26 10 1
26 6 5
25 11 1
25 10 2
25 9 3
25 8 4
25 7 5
24 10 3
24 8 5
23 10 4
23 9 5
22 10 5
21 15 1
21 11 5
21 10 6
20 16 1
20 15 2
20 14 3
20 13 4
20 12 5
20 11 6
20 10 7
20 9 8
19 15 3
19 13 5
19 10 8
18 15 4
18 14 5
18 10 9
17 15 5
17 10 10
16 15 6
16 11 10
15 15 7
15 14 8
15 13 9
25 9 2 1
25 8 3 1
25 7 4 1
25 6 5 1
24 10 2 1
24 7 5 1
23 10 3 1
23 8 5 1
23 7 5 2
22 10 4 1
22 9 5 1
22 8 5 2
21 10 5 1
21 10 4 2
21 9 5 2
21 8 5 3
20 14 2 1
20 13 3 1
20 12 4 1
20 11 5 1
20 11 4 2
20 10 6 1
20 10 5 2
20 10 4 3
20 9 7 1
20 9 6 2
20 9 5 3
20 8 6 3
19 15 2 1
19 12 5 1
19 11 5 2
19 10 7 1
19 10 6 2
19 10 5 3
19 9 5 4
18 15 3 1
18 13 5 1
18 12 5 2
18 11 5 3
18 10 8 1
18 10 7 2
18 10 6 3
18 10 5 4
17 15 4 1
17 14 5 1
17 13 5 2
17 12 5 3
17 11 5 4
17 10 9 1
17 10 8 2
17 10 7 3
16 15 5 1
16 15 4 2
16 13 5 3
16 12 5 4
16 11 5 5
16 10 10 1
16 10 9 2
16 10 8 3
16 10 7 4
15 15 6 1
15 15 5 2
15 15 4 3
15 14 7 1
15 14 6 2
15 14 5 3
15 13 8 1
15 13 7 2
15 13 6 3
15 13 5 4
15 12 9 1
15 12 8 2
15 12 7 3
15 12 5 5
15 11 8 3
15 11 7 4
15 11 6 5
15 10 9 3
15 10 8 4
14 13 5 5
14 12 6 5
14 11 7 5
14 10 9 4
13 11 8 5
20 8 6 2 1
18 10 6 2 1
17 10 7 2 1
17 10 6 3 1
16 10 8 2 1
16 10 7 3 1
15 13 6 2 1
15 12 7 2 1
15 12 6 3 1
15 11 8 2 1
15 11 7 3 1
15 10 9 2 1
15 10 8 3 1
15 10 7 4 1
15 9 8 4 1
15 9 7 4 2
14 11 6 5 1
14 10 9 3 1
14 10 8 4 1
14 10 7 4 2
13 11 7 5 1
13 10 8 4 2
12 11 7 5 2

35 3
33 5
30 8
28 10
25 13
23 15
20 18
35 2 1
32 5 1
31 5 2
30 7 1
30 6 2
30 5 3
29 5 4
28 5 5
27 10 1
27 6 5
26 10 2
26 7 5
25 12 1
25 11 2
25 10 3
25 9 4
25 8 5
25 7 6
24 10 4
24 9 5
23 10 5
22 15 1
22 11 5
22 10 6
21 15 2
21 12 5
21 10 7
20 17 1
20 16 2
20 15 3
20 14 4
20 13 5
20 12 6
20 11 7
20 10 8
19 15 4
19 14 5
19 10 9
18 15 5
18 10 10
17 16 5
17 15 6
17 11 10
16 15 7
16 12 10
15 15 8
15 14 9
26 6 5 1
25 10 2 1
25 9 3 1
25 8 4 1
25 7 5 1
25 7 4 2
24 10 3 1
24 8 5 1
24 7 5 2
23 10 4 1
23 9 5 1
23 8 5 2
22 10 5 1
22 10 4 2
22 9 5 2
22 8 5 3
21 11 5 1
21 10 6 1
21 10 5 2
21 10 4 3
21 9 5 3
20 15 2 1
20 14 3 1
20 13 4 1
20 12 5 1
20 12 4 2
20 11 6 1
20 11 5 2
20 11 4 3
20 10 7 1
20 10 6 2
20 10 5 3
20 9 8 1
20 9 7 2
20 9 6 3
20 9 5 4
19 15 3 1
19 13 5 1
19 12 5 2
19 11 5 3
19 10 8 1
19 10 7 2
19 10 6 3
19 10 5 4
18 15 4 1
18 14 5 1
18 13 5 2
18 12 5 3
18 11 5 4
18 10 9 1
18 10 8 2
18 10 7 3
17 15 5 1
17 15 4 2
17 14 5 2
17 13 5 3
17 12 5 4
17 11 5 5
17 10 10 1
17 10 9 2
17 10 8 3
17 10 7 4
16 15 6 1
16 15 5 2
16 15 4 3
16 13 5 4
16 12 5 5
16 11 10 1
16 11 6 5
16 10 10 2
16 10 9 3
16 10 8 4
15 15 7 1
15 15 6 2
15 15 5 3
15 14 8 1
15 14 7 2
15 14 6 3
15 14 5 4
15 13 9 1
15 13 8 2
15 13 7 3
15 13 5 5
15 12 9 2
15 12 8 3
15 12 7 4
15 12 6 5
15 11 8 4
15 11 7 5
15 10 9 4
14 13 6 5
14 12 7 5
14 11 8 5
20 9 6 2 1
20 8 6 3 1
19 10 6 2 1
18 10 7 2 1
18 10 6 3 1
17 10 8 2 1
17 10 7 3 1
16 10 9 2 1
16 10 8 3 1
16 10 7 4 1
15 14 6 2 1
15 13 7 2 1
15 13 6 3 1
15 12 8 2 1
15 12 7 3 1
15 11 8 3 1
15 11 7 4 1
15 11 6 5 1
15 10 9 3 1
15 10 8 4 1
15 10 7 4 2
15 9 8 4 2
14 12 6 5 1
14 11 7 5 1
14 10 9 4 1
14 10 8 4 2
13 11 8 5 1
13 11 7 5 2
13 10 8 4 3

35 4
34 5
30 9
29 10
25 14
24 15
20 19
35 3 1
33 5 1
32 5 2
31 5 3
30 8 1
30 7 2
30 6 3
30 5 4
29 5 5
28 10 1
28 6 5
27 10 2
27 7 5
26 10 3
26 8 5
25 13 1
25 12 2
25 11 3
25 10 4
25 9 5
25 8 6
24 10 5
23 15 1
23 11 5
23 10 6
22 15 2
22 12 5
22 10 7
21 15 3
21 13 5
21 10 8
20 18 1
20 17 2
20 16 3
20 15 4
20 14 5
20 13 6
20 12 7
20 11 8
20 10 9
19 15 5
19 10 10
18 16 5
18 15 6
18 11 10
17 15 7
17 12 10
16 15 8
16 13 10
15 15 9
30 6 2 1
27 6 5 1
26 10 2 1
26 7 5 1
25 11 2 1
25 10 3 1
25 9 4 1
25 8 5 1
25 8 4 2
25 7 6 1
25 7 5 2
24 10 4 1
24 9 5 1
24 8 5 2
23 10 5 1
23 10 4 2
23 9 5 2
23 8 5 3
22 11 5 1
22 10 6 1
22 10 5 2
22 10 4 3
22 9 5 3
21 15 2 1
21 12 5 1
21 11 5 2
21 10 7 1
21 10 6 2
21 10 5 3
21 9 5 4
20 16 2 1
20 15 3 1
20 14 4 1
20 13 5 1
20 13 4 2
20 12 6 1
20 12 5 2
20 12 4 3
20 11 7 1
20 11 6 2
20 11 5 3
20 10 8 1
20 10 7 2
20 10 6 3
20 10 5 4
20 9 8 2
20 9 7 3
19 15 4 1
19 14 5 1
19 13 5 2
19 12 5 3
19 11 5 4
19 10 9 1
19 10 8 2
19 10 7 3
18 15 5 1
18 15 4 2
18 14 5 2
18 13 5 3
18 12 5 4
18 11 5 5
18 10 10 1
18 10 9 2
18 10 8 3
18 10 7 4
17 16 5 1
17 15 6 1
17 15 5 2
17 15 4 3
17 14 5 3
17 13 5 4
17 12 5 5
17 11 10 1
17 11 6 5
17 10 10 2
17 10 9 3
17 10 8 4
16 15 7 1
16 15 6 2
16 15 5 3
16 13 5 5
16 12 10 1
16 12 6 5
16 11 10 2
16 11 7 5
16 10 10 3
16 10 9 4
15 15 8 1
15 15 7 2
15 15 6 3
15 15 5 4
15 14 9 1
15 14 8 2
15 14 7 3
15 14 5 5
15 13 9 2
15 13 8 3
15 13 7 4
15 13 6 5
15 12 9 3
15 12 8 4
15 12 7 5
15 11 8 5
15 11 7 6
14 13 7 5
14 12 8 5
20 10 6 2 1
20 9 7 2 1
20 9 6 3 1
19 10 7 2 1
19 10 6 3 1
18 10 8 2 1
18 10 7 3 1
17 10 9 2 1
17 10 8 3 1
17 10 7 4 1
16 11 6 5 1
16 10 10 2 1
16 10 9 3 1
16 10 8 4 1
16 10 7 4 2
15 15 6 2 1
15 14 7 2 1
15 14 6 3 1
15 13 8 2 1
15 13 7 3 1
15 12 9 2 1
15 12 8 3 1
15 12 7 4 1
15 12 6 5 1
15 11 8 4 1
15 11 7 5 1
15 11 7 4 2
15 10 9 4 1
15 10 8 4 2
15 9 8 4 3
14 13 6 5 1
14 12 7 5 1
14 11 8 5 1
14 11 7 5 2
14 10 9 4 2
14 10 8 4 3
13 11 8 5 2

40
35 5
30 10
25 15
20 20
35 4 1
34 5 1
33 5 2
32 5 3
31 5 4
30 9 1
30 8 2
30 7 3
30 5 5
29 10 1
29 6 5
28 10 2
28 7 5
27 10 3
27 8 5
26 10 4
26 9 5
25 14 1
25 13 2
25 12 3
25 11 4
25 10 5
25 9 6
24 15 1
24 11 5
24 10 6
23 15 2
23 12 5
23 10 7
22 15 3
22 13 5
22 10 8
21 15 4
21 14 5
21 10 9
20 19 1
20 18 2
20 17 3
20 16 4
20 15 5
20 14 6
20 13 7
20 12 8
20 10 10
19 16 5
19 15 6
19 11 10
18 15 7
18 12 10
17 15 8
17 13 10
16 15 9
30 7 2 1
30 6 3 1
28 6 5 1
27 10 2 1
27 7 5 1
26 10 3 1
26 8 5 1
26 7 5 2
25 12 2 1
25 11 3 1
25 10 4 1
25 9 5 1
25 9 4 2
25 8 6 1
25 8 5 2
25 8 4 3
25 7 6 2
24 10 5 1
24 10 4 2
24 9 5 2
24 8 5 3
23 11 5 1
23 10 6 1
23 10 5 2
23 10 4 3
23 9 5 3
22 15 2 1
22 12 5 1
22 11 5 2
22 10 7 1
22 10 6 2
22 10 5 3
22 9 5 4
21 15 3 1
21 13 5 1
21 12 5 2
21 11 5 3
21 10 8 1
21 10 7 2
21 10 6 3
21 10 5 4
20 17 2 1
20 16 3 1
20 15 4 1
20 14 5 1
20 14 4 2
20 13 6 1
20 13 5 2
20 13 4 3
20 12 7 1
20 12 6 2
20 12 5 3
20 11 8 1
20 11 7 2
20 11 6 3
20 11 5 4
20 10 9 1
20 10 8 2
20 10 7 3
20 9 8 3
20 9 7 4
19 15 5 1
19 15 4 2
19 14 5 2
19 13 5 3
19 12 5 4
19 11 5 5
19 10 10 1
19 10 9 2
19 10 8 3
19 10 7 4
18 16 5 1
18 15 6 1
18 15 5 2
18 15 4 3
18 14 5 3
18 13 5 4
18 12 5 5
18 11 10 1
18 11 6 5
18 10 10 2
18 10 9 3
18 10 8 4
17 16 5 2
17 15 7 1
17 15 6 2
17 15 5 3
17 14 5 4
17 13 5 5
17 12 10 1
17 12 6 5
17 11 10 2
17 11 7 5
17 10 10 3
17 10 9 4
16 15 8 1
16 15 7 2
16 15 6 3
16 15 5 4
16 13 10 1
16 13 6 5
16 12 10 2
16 12 7 5
16 11 10 3
16 11 8 5
16 10 10 4
15 15 9 1
15 15 8 2
15 15 7 3
15 15 5 5
15 14 9 2
15 14 8 3
15 14 7 4
15 14 6 5
15 13 9 3
15 13 8 4
15 13 7 5
15 12 9 4
15 12 8 5
15 12 7 6
15 11 8 6
14 13 8 5
14 12 9 5
21 10 6 2 1
20 11 6 2 1
20 10 7 2 1
20 10 6 3 1
20 9 8 2 1
20 9 7 3 1
19 10 8 2 1
19 10 7 3 1
18 10 9 2 1
18 10 8 3 1
18 10 7 4 1
17 11 6 5 1
17 10 10 2 1
17 10 9 3 1
17 10 8 4 1
17 10 7 4 2
16 15 6 2 1
16 12 6 5 1
16 11 10 2 1
16 11 7 5 1
16 10 10 3 1
16 10 9 4 1
16 10 8 4 2
15 15 7 2 1
15 15 6 3 1
15 14 8 2 1
15 14 7 3 1
15 13 9 2 1
15 13 8 3 1
15 13 7 4 1
15 13 6 5 1
15 12 9 3 1
15 12 8 4 1
15 12 7 5 1
15 12 7 4 2
15 11 8 5 1
15 11 8 4 2
15 11 7 6 1
15 11 7 5 2
15 10 9 4 2
15 10 8 4 3
14 13 7 5 1
14 12 8 5 1
14 12 7 5 2
14 11 8 5 2
14 10 9 4 3
13 11 8 5 3

40 1
36 5
35 6
31 10
30 11
26 15
25 16
21 20
35 5 1
35 4 2
34 5 2
33 5 3
32 5 4
31 5 5
30 10 1
30 9 2
30 8 3
30 7 4
30 6 5
29 10 2
29 7 5
28 10 3
28 8 5
27 10 4
27 9 5
26 10 5
25 15 1
25 14 2
25 13 3
25 12 4
25 11 5
25 10 6
25 9 7
24 15 2
24 12 5
24 10 7
23 15 3
23 13 5
23 10 8
22 15 4
22 14 5
22 10 9
21 15 5
21 10 10
20 20 1
20 19 2
20 18 3
20 17 4
20 16 5
20 15 6
20 14 7
20 13 8
20 12 9
20 11 10
19 17 5
19 15 7
19 12 10
18 15 8
18 13 10
17 15 9
17 14 10
16 15 10
30 8 2 1
30 7 3 1
29 6 5 1
28 10 2 1
28 7 5 1
27 10 3 1
27 8 5 1
27 7 5 2
26 10 4 1
26 9 5 1
26 8 5 2
25 13 2 1
25 12 3 1
25 11 4 1
25 10 5 1
25 10 4 2
25 9 6 1
25 9 5 2
25 9 4 3
25 8 6 2
25 8 5 3
24 11 5 1
24 10 6 1
24 10 5 2
24 10 4 3
24 9 5 3
23 15 2 1
23 12 5 1
23 11 5 2
23 10 7 1
23 10 6 2
23 10 5 3
23 9 5 4
22 15 3 1
22 13 5 1
22 12 5 2
22 11 5 3
22 10 8 1
22 10 7 2
22 10 6 3
22 10 5 4
21 15 4 1
21 14 5 1
21 13 5 2
21 12 5 3
21 11 5 4
21 10 9 1
21 10 8 2
21 10 7 3
20 18 2 1
20 17 3 1
20 16 4 1
20 15 5 1
20 15 4 2
20 14 6 1
20 14 5 2
20 14 4 3
20 13 7 1
20 13 6 2
20 13 5 3
20 12 8 1
20 12 7 2
20 12 6 3
20 12 5 4
20 11 8 2
20 11 7 3
20 11 5 5
20 10 10 1
20 10 9 2
20 10 8 3
20 10 7 4
20 9 8 4
19 16 5 1
19 15 6 1
19 15 5 2
19 15 4 3
19 14 5 3
19 13 5 4
19 12 5 5
19 11 10 1
19 11 6 5
19 10 10 2
19 10 9 3
19 10 8 4
18 16 5 2
18 15 7 1
18 15 6 2
18 15 5 3
18 14 5 4
18 13 5 5
18 12 10 1
18 12 6 5
18 11 10 2
18 11 7 5
18 10 10 3
18 10 9 4
17 16 5 3
17 15 8 1
17 15 7 2
17 15 6 3
17 15 5 4
17 14 5 5
17 13 10 1
17 13 6 5
17 12 10 2
17 12 7 5
17 11 10 3
17 11 8 5
17 10 10 4
16 15 9 1
16 15 8 2
16 15 7 3
16 15 5 5
16 13 10 2
16 13 7 5
16 12 10 3
16 12 8 5
16 11 10 4
15 15 9 2
15 15 8 3
15 15 7 4
15 15 6 5
15 14 9 3
15 14 8 4
15 14 7 5
15 13 9 4
15 13 8 5
15 13 7 6
15 12 9 5
15 12 8 6
14 13 9 5
25 7 6 2 1
22 10 6 2 1
21 10 7 2 1
21 10 6 3 1
20 12 6 2 1
20 11 7 2 1
20 11 6 3 1
20 10 8 2 1
20 10 7 3 1
20 9 8 3 1
20 9 7 4 1
19 10 9 2 1
19 10 8 3 1
19 10 7 4 1
18 11 6 5 1
18 10 10 2 1
18 10 9 3 1
18 10 8 4 1
18 10 7 4 2
17 15 6 2 1
17 12 6 5 1
17 11 10 2 1
17 11 7 5 1
17 10 10 3 1
17 10 9 4 1
17 10 8 4 2
16 15 7 2 1
16 15 6 3 1
16 13 6 5 1
16 12 10 2 1
16 12 7 5 1
16 11 10 3 1
16 11 8 5 1
16 11 7 5 2
16 10 10 4 1
16 10 9 4 2
16 10 8 4 3
15 15 8 2 1
15 15 7 3 1
15 14 9 2 1
15 14 8 3 1
15 14 7 4 1
15 14 6 5 1
15 13 9 3 1
15 13 8 4 1
15 13 7 5 1
15 13 7 4 2
15 12 9 4 1
15 12 8 5 1
15 12 8 4 2
15 12 7 6 1
15 12 7 5 2
15 11 8 6 1
15 11 8 5 2
15 11 8 4 3
15 11 7 6 2
15 10 9 4 3
14 13 8 5 1
14 13 7 5 2
14 12 9 5 1
14 12 8 5 2
14 11 8 5 3

40 2
37 5
35 7
32 10
30 12
27 15
25 17
22 20
36 5 1
35 6 1
35 5 2
35 4 3
34 5 3
33 5 4
32 5 5
31 10 1
31 6 5
30 11 1
30 10 2
30 9 3
30 8 4
30 7 5
29 10 3
29 8 5
28 10 4
28 9 5
27 10 5
26 15 1
26 11 5
26 10 6
25 16 1
25 15 2
25 14 3
25 13 4
25 12 5
25 11 6
25 10 7
25 9 8
24 15 3
24 13 5
24 10 8
23 15 4
23 14 5
23 10 9
22 15 5
22 10 10
21 20 1
21 16 5
21 15 6
21 11 10
20 20 2
20 19 3
20 18 4
20 17 5
20 16 6
20 15 7
20 14 8
20 13 9
20 12 10
19 18 5
19 15 8
19 13 10
18 15 9
18 14 10
17 15 10
16 15 11
30 9 2 1
30 8 3 1
30 7 4 1
30 6 5 1
29 10 2 1
29 7 5 1
28 10 3 1
28 8 5 1
28 7 5 2
27 10 4 1
27 9 5 1
27 8 5 2
26 10 5 1
26 10 4 2
26 9 5 2
26 8 5 3
25 14 2 1
25 13 3 1
25 12 4 1
25 11 5 1
25 11 4 2
25 10 6 1
25 10 5 2
25 10 4 3
25 9 7 1
25 9 6 2
25 9 5 3
25 8 6 3
24 15 2 1
24 12 5 1
24 11 5 2
24 10 7 1
24 10 6 2
24 10 5 3
24 9 5 4
23 15 3 1
23 13 5 1
23 12 5 2
23 11 5 3
23 10 8 1
23 10 7 2
23 10 6 3
23 10 5 4
22 15 4 1
22 14 5 1
22 13 5 2
22 12 5 3
22 11 5 4
22 10 9 1
22 10 8 2
22 10 7 3
21 15 5 1
21 15 4 2
21 14 5 2
21 13 5 3
21 12 5 4
21 11 5 5
21 10 10 1
21 10 9 2
21 10 8 3
21 10 7 4
20 19 2 1
20 18 3 1
20 17 4 1
20 16 5 1
20 16 4 2
20 15 6 1
20 15 5 2
20 15 4 3
20 14 7 1
20 14 6 2
20 14 5 3
20 13 8 1
20 13 7 2
20 13 6 3
20 13 5 4
20 12 9 1
20 12 8 2
20 12 7 3
20 12 5 5
20 11 10 1
20 11 8 3
20 11 7 4
20 11 6 5
20 10 10 2
20 10 9 3
20 10 8 4
19 17 5 1
19 16 5 2
19 15 7 1
19 15 6 2
19 15 5 3
19 14 5 4
19 13 5 5
19 12 10 1
19 12 6 5
19 11 10 2
19 11 7 5
19 10 10 3
19 10 9 4
18 16 5 3
18 15 8 1
18 15 7 2
18 15 6 3
18 15 5 4
18 14 5 5
18 13 10 1
18 13 6 5
18 12 10 2
18 12 7 5
18 11 10 3
18 11 8 5
18 10 10 4
17 16 5 4
17 15 9 1
17 15 8 2
17 15 7 3
17 15 5 5
17 14 10 1
17 14 6 5
17 13 10 2
17 13 7 5
17 12 10 3
17 12 8 5
17 11 10 4
16 15 10 1
16 15 9 2
16 15 8 3
16 15 7 4
16 15 6 5
16 13 10 3
16 13 8 5
16 12 10 4
16 12 9 5
16 11 10 5
15 15 9 3
15 15 8 4
15 15 7 5
15 14 9 4
15 14 8 5
15 14 7 6
15 13 9 5
15 13 8 6
15 12 9 6
25 8 6 2 1
23 10 6 2 1
22 10 7 2 1
22 10 6 3 1
21 10 8 2 1
21 10 7 3 1
20 13 6 2 1
20 12 7 2 1
20 12 6 3 1
20 11 8 2 1
20 11 7 3 1
20 10 9 2 1
20 10 8 3 1
20 10 7 4 1
20 9 8 4 1
20 9 7 4 2
19 11 6 5 1
19 10 10 2 1
19 10 9 3 1
19 10 8 4 1
19 10 7 4 2
18 15 6 2 1
18 12 6 5 1
18 11 10 2 1
18 11 7 5 1
18 10 10 3 1
18 10 9 4 1
18 10 8 4 2
17 15 7 2 1
17 15 6 3 1
17 13 6 5 1
17 12 10 2 1
17 12 7 5 1
17 11 10 3 1
17 11 8 5 1
17 11 7 5 2
17 10 10 4 1
17 10 9 4 2
17 10 8 4 3
16 15 8 2 1
16 15 7 3 1
16 13 10 2 1
16 13 7 5 1
16 12 10 3 1
16 12 8 5 1
16 12 7 5 2
16 11 10 4 1
16 11 8 5 2
16 10 10 4 2
16 10 9 4 3
15 15 9 2 1
15 15 8 3 1
15 15 7 4 1
15 15 6 5 1
15 14 9 3 1
15 14 8 4 1
15 14 7 5 1
15 14 7 4 2
15 13 9 4 1
15 13 8 5 1
15 13 8 4 2
15 13 7 6 1
15 13 7 5 2
15 12 9 5 1
15 12 9 4 2
15 12 8 6 1
15 12 8 5 2
15 12 8 4 3
15 12 7 6 2
15 11 8 6 2
15 11 8 5 3
14 13 9 5 1
14 13 8 5 2
14 12 9 5 2
14 12 8 5 3
15 11 7 6 2 1

40 3
38 5
35 8
33 10
30 13
28 15
25 18
23 20
40 2 1
37 5 1
36 5 2
35 7 1
35 6 2
35 5 3
34 5 4
33 5 5
32 10 1
32 6 5
31 10 2
31 7 5
30 12 1
30 11 2
30 10 3
30 9 4
30 8 5
30 7 6
29 10 4
29 9 5
28 10 5
27 15 1
27 11 5
27 10 6
26 15 2
26 12 5
26 10 7
25 17 1
25 16 2
25 15 3
25 14 4
25 13 5
25 12 6
25 11 7
25 10 8
24 15 4
24 14 5
24 10 9
23 15 5
23 10 10
22 20 1
22 16 5
22 15 6
22 11 10
21 20 2
21 17 5
21 15 7
21 12 10
20 20 3
20 19 4
20 18 5
20 17 6
20 16 7
20 15 8
20 14 9
20 13 10
20 12 11
19 15 9
19 14 10
18 15 10
17 16 10
17 15 11
31 6 5 1
30 10 2 1
30 9 3 1
30 8 4 1
30 7 5 1
30 7 4 2
29 10 3 1
29 8 5 1
29 7 5 2
28 10 4 1
28 9 5 1
28 8 5 2
27 10 5 1
27 10 4 2
27 9 5 2
27 8 5 3
26 11 5 1
26 10 6 1
26 10 5 2
26 10 4 3
26 9 5 3
25 15 2 1
25 14 3 1
25 13 4 1
25 12 5 1
25 12 4 2
25 11 6 1
25 11 5 2
25 11 4 3
25 10 7 1
25 10 6 2
25 10 5 3
25 9 8 1
25 9 7 2
25 9 6 3
25 9 5 4
24 15 3 1
24 13 5 1
24 12 5 2
24 11 5 3
24 10 8 1
24 10 7 2
24 10 6 3
24 10 5 4
23 15 4 1
23 14 5 1
23 13 5 2
23 12 5 3
23 11 5 4
23 10 9 1
23 10 8 2
23 10 7 3
22 15 5 1
22 15 4 2
22 14 5 2
22 13 5 3
22 12 5 4
22 11 5 5
22 10 10 1
22 10 9 2
22 10 8 3
22 10 7 4
21 16 5 1
21 15 6 1
21 15 5 2
21 15 4 3
21 14 5 3
21 13 5 4
21 12 5 5
21 11 10 1
21 11 6 5
21 10 10 2
21 10 9 3
21 10 8 4
20 20 2 1
20 19 3 1
20 18 4 1
20 17 5 1
20 17 4 2
20 16 6 1
20 16 5 2
20 16 4 3
20 15 7 1
20 15 6 2
20 15 5 3
20 14 8 1
20 14 7 2
20 14 6 3
20 14 5 4
20 13 9 1
20 13 8 2
20 13 7 3
20 13 5 5
20 12 10 1
20 12 9 2
20 12 8 3
20 12 7 4
20 12 6 5
20 11 10 2
20 11 8 4
20 11 7 5
20 10 10 3
20 10 9 4
19 18 5 1
19 17 5 2
19 16 5 3
19 15 8 1
19 15 7 2
19 15 6 3
19 15 5 4
19 14 5 5
19 13 10 1
19 13 6 5
19 12 10 2
19 12 7 5
19 11 10 3
19 11 8 5
19 10 10 4
18 16 5 4
18 15 9 1
18 15 8 2
18 15 7 3
18 15 5 5
18 14 10 1
18 14 6 5
18 13 10 2
18 13 7 5
18 12 10 3
18 12 8 5
18 11 10 4
17 16 5 5
17 15 10 1
17 15 9 2
17 15 8 3
17 15 7 4
17 15 6 5
17 14 10 2
17 14 7 5
17 13 10 3
17 13 8 5
17 12 10 4
17 12 9 5
17 11 10 5
16 15 11 1
16 15 10 2
16 15 9 3
16 15 8 4
16 15 7 5
16 13 10 4
16 13 9 5
16 12 10 5
16 11 10 6
15 15 9 4
15 15 8 5
15 15 7 6
15 14 9 5
15 14 8 6
15 13 9 6
15 12 9 7
25 9 6 2 1
25 8 6 3 1
24 10 6 2 1
23 10 7 2 1
23 10 6 3 1
22 10 8 2 1
22 10 7 3 1
21 10 9 2 1
21 10 8 3 1
21 10 7 4 1
20 14 6 2 1
20 13 7 2 1
20 13 6 3 1
20 12 8 2 1
20 12 7 3 1
20 11 8 3 1
20 11 7 4 1
20 11 6 5 1
20 10 10 2 1
20 10 9 3 1
20 10 8 4 1
20 10 7 4 2
20 9 8 4 2
19 15 6 2 1
19 12 6 5 1
19 11 10 2 1
19 11 7 5 1
19 10 10 3 1
19 10 9 4 1
19 10 8 4 2
18 15 7 2 1
18 15 6 3 1
18 13 6 5 1
18 12 10 2 1
18 12 7 5 1
18 11 10 3 1
18 11 8 5 1
18 11 7 5 2
18 10 10 4 1
18 10 9 4 2
18 10 8 4 3
17 15 8 2 1
17 15 7 3 1
17 14 6 5 1
17 13 10 2 1
17 13 7 5 1
17 12 10 3 1
17 12 8 5 1
17 12 7 5 2
17 11 10 4 1
17 11 8 5 2
17 10 10 4 2
17 10 9 4 3
16 15 9 2 1
16 15 8 3 1
16 15 7 4 1
16 15 6 5 1
16 13 10 3 1
16 13 8 5 1
16 13 7 5 2
16 12 10 4 1
16 12 9 5 1
16 12 8 5 2
16 11 10 5 1
16 11 10 4 2
16 11 8 5 3
16 10 10 4 3
15 15 9 3 1
15 15 8 4 1
15 15 7 5 1
15 15 7 4 2
15 14 9 4 1
15 14 8 5 1
15 14 8 4 2
15 14 7 6 1
15 14 7 5 2
15 13 9 5 1
15 13 9 4 2
15 13 8 6 1
15 13 8 5 2
15 13 8 4 3
15 13 7 6 2
15 12 9 6 1
15 12 9 5 2
15 12 9 4 3
15 12 8 6 2
15 12 8 5 3
15 11 8 6 3
14 13 9 5 2
14 13 8 5 3
14 12 9 5 3
15 12 7 6 2 1
15 11 8 6 2 1

40 4
39 5
35 9
34 10
30 14
29 15
25 19
24 20
40 3 1
38 5 1
37 5 2
36 5 3
35 8 1
35 7 2
35 6 3
35 5 4
34 5 5
33 10 1
33 6 5
32 10 2
32 7 5
31 10 3
31 8 5
30 13 1
30 12 2
30 11 3
30 10 4
30 9 5
30 8 6
29 10 5
28 15 1
28 11 5
28 10 6
27 15 2
27 12 5
27 10 7
26 15 3
26 13 5
26 10 8
25 18 1
25 17 2
25 16 3
25 15 4
25 14 5
25 13 6
25 12 7
25 11 8
25 10 9
24 15 5
24 10 10
23 20 1
23 16 5
23 15 6
23 11 10
22 20 2
22 17 5
22 15 7
22 12 10
21 20 3
21 18 5
21 15 8
21 13 10
20 20 4
20 19 5
20 18 6
20 17 7
20 16 8
20 15 9
20 14 10
20 13 11
19 15 10
18 16 10
18 15 11
17 15 12
35 6 2 1
32 6 5 1
31 10 2 1
31 7 5 1
30 11 2 1
30 10 3 1
30 9 4 1
30 8 5 1
30 8 4 2
30 7 6 1
30 7 5 2
29 10 4 1
29 9 5 1
29 8 5 2
28 10 5 1
28 10 4 2
28 9 5 2
28 8 5 3
27 11 5 1
27 10 6 1
27 10 5 2
27 10 4 3
27 9 5 3
26 15 2 1
26 12 5 1
26 11 5 2
26 10 7 1
26 10 6 2
26 10 5 3
26 9 5 4
25 16 2 1
25 15 3 1
25 14 4 1
25 13 5 1
25 13 4 2
25 12 6 1
25 12 5 2
25 12 4 3
25 11 7 1
25 11 6 2
25 11 5 3
25 10 8 1
25 10 7 2
25 10 6 3
25 10 5 4
25 9 8 2
25 9 7 3
24 15 4 1
24 14 5 1
24 13 5 2
24 12 5 3
24 11 5 4
24 10 9 1
24 10 8 2
24 10 7 3
23 15 5 1
23 15 4 2
23 14 5 2
23 13 5 3
23 12 5 4
23 11 5 5
23 10 10 1
23 10 9 2
23 10 8 3
23 10 7 4
22 16 5 1
22 15 6 1
22 15 5 2
22 15 4 3
22 14 5 3
22 13 5 4
22 12 5 5
22 11 10 1
22 11 6 5
22 10 10 2
22 10 9 3
22 10 8 4
21 20 2 1
21 17 5 1
21 16 5 2
21 15 7 1
21 15 6 2
21 15 5 3
21 14 5 4
21 13 5 5
21 12 10 1
21 12 6 5
21 11 10 2
21 11 7 5
21 10 10 3
21 10 9 4
20 20 3 1
20 19 4 1
20 18 5 1
20 18 4 2
20 17 6 1
20 17 5 2
20 17 4 3
20 16 7 1
20 16 6 2
20 16 5 3
20 15 8 1
20 15 7 2
20 15 6 3
20 15 5 4
20 14 9 1
20 14 8 2
20 14 7 3
20 14 5 5
20 13 10 1
20 13 9 2
20 13 8 3
20 13 7 4
20 13 6 5
20 12 11 1
20 12 10 2
20 12 9 3
20 12 8 4
20 12 7 5
20 11 10 3
20 11 8 5
20 11 7 6
20 10 10 4
19 18 5 2
19 17 5 3
19 16 5 4
19 15 9 1
19 15 8 2
19 15 7 3
19 15 5 5
19 14 10 1
19 14 6 5
19 13 10 2
19 13 7 5
19 12 10 3
19 12 8 5
19 11 10 4
18 16 5 5
18 15 10 1
18 15 9 2
18 15 8 3
18 15 7 4
18 15 6 5
18 14 10 2
18 14 7 5
18 13 10 3
18 13 8 5
18 12 10 4
18 12 9 5
18 11 10 5
17 16 10 1
17 16 6 5
17 15 11 1
17 15 10 2
17 15 9 3
17 15 8 4
17 15 7 5
17 14 10 3
17 14 8 5
17 13 10 4
17 13 9 5
17 12 10 5
17 11 10 6
16 15 11 2
16 15 10 3
16 15 9 4
16 15 8 5
16 15 7 6
16 13 10 5
16 12 11 5
16 12 10 6
15 15 9 5
15 15 8 6
15 14 9 6
15 13 9 7
25 10 6 2 1
25 9 7 2 1
25 9 6 3 1
24 10 7 2 1
24 10 6 3 1
23 10 8 2 1
23 10 7 3 1
22 10 9 2 1
22 10 8 3 1
22 10 7 4 1
21 11 6 5 1
21 10 10 2 1
21 10 9 3 1
21 10 8 4 1
21 10 7 4 2
20 15 6 2 1
20 14 7 2 1
20 14 6 3 1
20 13 8 2 1
20 13 7 3 1
20 12 9 2 1
20 12 8 3 1
20 12 7 4 1
20 12 6 5 1
20 11 10 2 1
20 11 8 4 1
20 11 7 5 1
20 11 7 4 2
20 10 10 3 1
20 10 9 4 1
20 10 8 4 2
20 9 8 4 3
19 15 7 2 1
19 15 6 3 1
19 13 6 5 1
19 12 10 2 1
19 12 7 5 1
19 11 10 3 1
19 11 8 5 1
19 11 7 5 2
19 10 10 4 1
19 10 9 4 2
19 10 8 4 3
18 15 8 2 1
18 15 7 3 1
18 14 6 5 1
18 13 10 2 1
18 13 7 5 1
18 12 10 3 1
18 12 8 5 1
18 12 7 5 2
18 11 10 4 1
18 11 8 5 2
18 10 10 4 2
18 10 9 4 3
17 15 9 2 1
17 15 8 3 1
17 15 7 4 1
17 15 6 5 1
17 14 10 2 1
17 14 7 5 1
17 13 10 3 1
17 13 8 5 1
17 13 7 5 2
17 12 10 4 1
17 12 9 5 1
17 12 8 5 2
17 11 10 5 1
17 11 10 4 2
17 11 8 5 3
17 10 10 4 3
16 15 10 2 1
16 15 9 3 1
16 15 8 4 1
16 15 7 5 1
16 15 7 4 2
16 13 10 4 1
16 13 9 5 1
16 13 8 5 2
16 12 10 5 1
16 12 10 4 2
16 12 9 5 2
16 12 8 5 3
16 11 10 6 1
16 11 10 5 2
16 11 10 4 3
15 15 9 4 1
15 15 8 5 1
15 15 8 4 2
15 15 7 6 1
15 15 7 5 2
15 14 9 5 1
15 14 9 4 2
15 14 8 6 1
15 14 8 5 2
15 14 8 4 3
15 14 7 6 2
15 13 9 6 1
15 13 9 5 2
15 13 9 4 3
15 13 8 6 2
15 13 8 5 3
15 12 9 7 1
15 12 9 6 2
15 12 9 5 3
15 12 8 6 3
14 13 9 5 3
14 12 9 5 4
15 13 7 6 2 1
15 12 8 6 2 1
15 11 8 6 3 1

45
40 5
35 10
30 15
25 20
40 4 1
39 5 1
38 5 2
37 5 3
36 5 4
35 9 1
35 8 2
35 7 3
35 5 5
34 10 1
34 6 5
33 10 2
33 7 5
32 10 3
32 8 5
31 10 4
31 9 5
30 14 1
30 13 2
30 12 3
30 11 4
30 10 5
30 9 6
29 15 1
29 11 5
29 10 6
28 15 2
28 12 5
28 10 7
27 15 3
27 13 5
27 10 8
26 15 4
26 14 5
26 10 9
25 19 1
25 18 2
25 17 3
25 16 4
25 15 5
25 14 6
25 13 7
25 12 8
25 10 10
24 20 1
24 16 5
24 15 6
24 11 10
23 20 2
23 17 5
23 15 7
23 12 10
22 20 3
22 18 5
22 15 8
22 13 10
21 20 4
21 15 9
21 14 10
20 20 5
20 19 6
20 18 7
20 17 8
20 16 9
20 15 10
20 14 11
19 16 10
19 15 11
18 15 12
35 7 2 1
35 6 3 1
33 6 5 1
32 10 2 1
32 7 5 1
31 10 3 1
31 8 5 1
31 7 5 2
30 12 2 1
30 11 3 1
30 10 4 1
30 9 5 1
30 9 4 2
30 8 6 1
30 8 5 2
30 8 4 3
30 7 6 2
29 10 5 1
29 10 4 2
29 9 5 2
29 8 5 3
28 11 5 1
28 10 6 1
28 10 5 2
28 10 4 3
28 9 5 3
27 15 2 1
27 12 5 1
27 11 5 2
27 10 7 1
27 10 6 2
27 10 5 3
27 9 5 4
26 15 3 1
26 13 5 1
26 12 5 2
26 11 5 3
26 10 8 1
26 10 7 2
26 10 6 3
26 10 5 4
25 17 2 1
25 16 3 1
25 15 4 1
25 14 5 1
25 14 4 2
25 13 6 1
25 13 5 2
25 13 4 3
25 12 7 1
25 12 6 2
25 12 5 3
25 11 8 1
25 11 7 2
25 11 6 3
25 11 5 4
25 10 9 1
25 10 8 2
25 10 7 3
25 9 8 3
25 9 7 4
24 15 5 1
24 15 4 2
24 14 5 2
24 13 5 3
24 12 5 4
24 11 5 5
24 10 10 1
24 10 9 2
24 10 8 3
24 10 7 4
23 16 5 1
23 15 6 1
23 15 5 2
23 15 4 3
23 14 5 3
23 13 5 4
23 12 5 5
23 11 10 1
23 11 6 5
23 10 10 2
23 10 9 3
23 10 8 4
22 20 2 1
22 17 5 1
22 16 5 2
22 15 7 1
22 15 6 2
22 15 5 3
22 14 5 4
22 13 5 5
22 12 10 1
22 12 6 5
22 11 10 2
22 11 7 5
22 10 10 3
22 10 9 4
21 20 3 1
21 18 5 1
21 17 5 2
21 16 5 3
21 15 8 1
21 15 7 2
21 15 6 3
21 15 5 4
21 14 5 5
21 13 10 1
21 13 6 5
21 12 10 2
21 12 7 5
21 11 10 3
21 11 8 5
21 10 10 4
20 20 4 1
20 19 5 1
20 19 4 2
20 18 6 1
20 18 5 2
20 18 4 3
20 17 7 1
20 17 6 2
20 17 5 3
20 16 8 1
20 16 7 2
20 16 6 3
20 16 5 4
20 15 9 1
20 15 8 2
20 15 7 3
20 15 5 5
20 14 10 1
20 14 9 2
20 14 8 3
20 14 7 4
20 14 6 5
20 13 11 1
20 13 10 2
20 13 9 3
20 13 8 4
20 13 7 5
20 12 11 2
20 12 10 3
20 12 9 4
20 12 8 5
20 12 7 6
20 11 10 4
20 11 8 6
19 18 5 3
19 17 5 4
19 16 5 5
19 15 10 1
19 15 9 2
19 15 8 3
19 15 7 4
19 15 6 5
19 14 10 2
19 14 7 5
19 13 10 3
19 13 8 5
19 12 10 4
19 12 9 5
19 11 10 5
18 16 10 1
18 16 6 5
18 15 11 1
18 15 10 2
18 15 9 3
18 15 8 4
18 15 7 5
18 14 10 3
18 14 8 5
18 13 10 4
18 13 9 5
18 12 10 5
18 11 10 6
17 16 10 2
17 16 7 5
17 15 12 1
17 15 11 2
17 15 10 3
17 15 9 4
17 15 8 5
17 15 7 6
17 14 10 4
17 14 9 5
17 13 10 5
17 12 11 5
17 12 10 6
16 15 11 3
16 15 10 4
16 15 9 5
16 15 8 6
16 13 11 5
16 13 10 6
16 12 10 7
15 15 9 6
15 14 9 7
15 13 9 8
26 10 6 2 1
25 11 6 2 1
25 10 7 2 1
25 10 6 3 1
25 9 8 2 1
25 9 7 3 1
24 10 8 2 1
24 10 7 3 1
23 10 9 2 1
23 10 8 3 1
23 10 7 4 1
22 11 6 5 1
22 10 10 2 1
22 10 9 3 1
22 10 8 4 1
22 10 7 4 2
21 15 6 2 1
21 12 6 5 1
21 11 10 2 1
21 11 7 5 1
21 10 10 3 1
21 10 9 4 1
21 10 8 4 2
20 16 6 2 1
20 15 7 2 1
20 15 6 3 1
20 14 8 2 1
20 14 7 3 1
20 13 9 2 1
20 13 8 3 1
20 13 7 4 1
20 13 6 5 1
20 12 10 2 1
20 12 9 3 1
20 12 8 4 1
20 12 7 5 1
20 12 7 4 2
20 11 10 3 1
20 11 8 5 1
20 11 8 4 2
20 11 7 6 1
20 11 7 5 2
20 10 10 4 1
20 10 9 4 2
20 10 8 4 3
19 15 8 2 1
19 15 7 3 1
19 14 6 5 1
19 13 10 2 1
19 13 7 5 1
19 12 10 3 1
19 12 8 5 1
19 12 7 5 2
19 11 10 4 1
19 11 8 5 2
19 10 10 4 2
19 10 9 4 3
18 15 9 2 1
18 15 8 3 1
18 15 7 4 1
18 15 6 5 1
18 14 10 2 1
18 14 7 5 1
18 13 10 3 1
18 13 8 5 1
18 13 7 5 2
18 12 10 4 1
18 12 9 5 1
18 12 8 5 2
18 11 10 5 1
18 11 10 4 2
18 11 8 5 3
18 10 10 4 3
17 16 6 5 1
17 15 10 2 1
17 15 9 3 1
17 15 8 4 1
17 15 7 5 1
17 15 7 4 2
17 14 10 3 1
17 14 8 5 1
17 14 7 5 2
17 13 10 4 1
17 13 9 5 1
17 13 8 5 2
17 12 10 5 1
17 12 10 4 2
17 12 9 5 2
17 12 8 5 3
17 11 10 6 1
17 11 10 5 2
17 11 10 4 3
16 15 11 2 1
16 15 10 3 1
16 15 9 4 1
16 15 8 5 1
16 15 8 4 2
16 15 7 6 1
16 15 7 5 2
16 13 10 5 1
16 13 10 4 2
16 13 9 5 2
16 13 8 5 3
16 12 11 5 1
16 12 10 6 1
16 12 10 5 2
16 12 10 4 3
16 12 9 5 3
16 11 10 6 2
16 11 10 5 3
15 15 9 5 1
15 15 9 4 2
15 15 8 6 1
15 15 8 5 2
15 15 8 4 3
15 15 7 6 2
15 14 9 6 1
15 14 9 5 2
15 14 9 4 3
15 14 8 6 2
15 14 8 5 3
15 13 9 7 1
15 13 9 6 2
15 13 9 5 3
15 13 8 6 3
15 12 9 7 2
15 12 9 6 3
15 12 9 5 4
14 13 9 5 4
15 14 7 6 2 1
15 13 8 6 2 1
15 12 9 6 2 1
15 12 8 6 3 1

45 1
41 5
40 6
36 10
35 11
31 15
30 16
26 20
25 21
40 5 1
40 4 2
39 5 2
38 5 3
37 5 4
36 5 5
35 10 1
35 9 2
35 8 3
35 7 4
35 6 5
34 10 2
34 7 5
33 10 3
33 8 5
32 10 4
32 9 5
31 10 5
30 15 1
30 14 2
30 13 3
30 12 4
30 11 5
30 10 6
30 9 7
29 15 2
29 12 5
29 10 7
28 15 3
28 13 5
28 10 8
27 15 4
27 14 5
27 10 9
26 15 5
26 10 10
25 20 1
25 19 2
25 18 3
25 17 4
25 16 5
25 15 6
25 14 7
25 13 8
25 12 9
25 11 10
24 20 2
24 17 5
24 15 7
24 12 10
23 20 3
23 18 5
23 15 8
23 13 10
22 20 4
22 19 5
22 15 9
22 14 10
21 20 5
21 15 10
20 20 6
20 19 7
20 18 8
20 17 9
20 16 10
20 15 11
20 14 12
19 17 10
19 15 12
18 15 13
35 8 2 1
35 7 3 1
34 6 5 1
33 10 2 1
33 7 5 1
32 10 3 1
32 8 5 1
32 7 5 2
31 10 4 1
31 9 5 1
31 8 5 2
30 13 2 1
30 12 3 1
30 11 4 1
30 10 5 1
30 10 4 2
30 9 6 1
30 9 5 2
30 9 4 3
30 8 6 2
30 8 5 3
29 11 5 1
29 10 6 1
29 10 5 2
29 10 4 3
29 9 5 3
28 15 2 1
28 12 5 1
28 11 5 2
28 10 7 1
28 10 6 2
28 10 5 3
28 9 5 4
27 15 3 1
27 13 5 1
27 12 5 2
27 11 5 3
27 10 8 1
27 10 7 2
27 10 6 3
27 10 5 4
26 15 4 1
26 14 5 1
26 13 5 2
26 12 5 3
26 11 5 4
26 10 9 1
26 10 8 2
26 10 7 3
25 18 2 1
25 17 3 1
25 16 4 1
25 15 5 1
25 15 4 2
25 14 6 1
25 14 5 2
25 14 4 3
25 13 7 1
25 13 6 2
25 13 5 3
25 12 8 1
25 12 7 2
25 12 6 3
25 12 5 4
25 11 8 2
25 11 7 3
25 11 5 5
25 10 10 1
25 10 9 2
25 10 8 3
25 10 7 4
25 9 8 4
24 16 5 1
24 15 6 1
24 15 5 2
24 15 4 3
24 14 5 3
24 13 5 4
24 12 5 5
24 11 10 1
24 11 6 5
24 10 10 2
24 10 9 3
24 10 8 4
23 20 2 1
23 17 5 1
23 16 5 2
23 15 7 1
23 15 6 2
23 15 5 3
23 14 5 4
23 13 5 5
23 12 10 1
23 12 6 5
23 11 10 2
23 11 7 5
23 10 10 3
23 10 9 4
22 20 3 1
22 18 5 1
22 17 5 2
22 16 5 3
22 15 8 1
22 15 7 2
22 15 6 3
22 15 5 4
22 14 5 5
22 13 10 1
22 13 6 5
22 12 10 2
22 12 7 5
22 11 10 3
22 11 8 5
22 10 10 4
21 20 4 1
21 18 5 2
21 17 5 3
21 16 5 4
21 15 9 1
21 15 8 2
21 15 7 3
21 15 5 5
21 14 10 1
21 14 6 5
21 13 10 2
21 13 7 5
21 12 10 3
21 12 8 5
21 11 10 4
20 20 5 1
20 20 4 2
20 19 6 1
20 19 5 2
20 19 4 3
20 18 7 1
20 18 6 2
20 18 5 3
20 17 8 1
20 17 7 2
20 17 6 3
20 17 5 4
20 16 9 1
20 16 8 2
20 16 7 3
20 16 5 5
20 15 10 1
20 15 9 2
20 15 8 3
20 15 7 4
20 15 6 5
20 14 11 1
20 14 10 2
20 14 9 3
20 14 8 4
20 14 7 5
20 13 11 2
20 13 10 3
20 13 9 4
20 13 8 5
20 13 7 6
20 12 11 3
20 12 10 4
20 12 9 5
20 12 8 6
20 11 10 5
19 18 5 4
19 17 5 5
19 16 10 1
19 16 6 5
19 15 11 1
19 15 10 2
19 15 9 3
19 15 8 4
19 15 7 5
19 14 10 3
19 14 8 5
19 13 10 4
19 13 9 5
19 12 10 5
19 11 10 6
18 16 10 2
18 16 7 5
18 15 12 1
18 15 11 2
18 15 10 3
18 15 9 4
18 15 8 5
18 15 7 6
18 14 10 4
18 14 9 5
18 13 10 5
18 12 11 5
18 12 10 6
17 16 10 3
17 16 8 5
17 15 12 2
17 15 11 3
17 15 10 4
17 15 9 5
17 15 8 6
17 14 10 5
17 13 11 5
17 13 10 6
17 12 10 7
16 15 11 4
16 15 10 5
16 15 9 6
16 13 10 7
15 15 9 7
15 14 9 8
30 7 6 2 1
27 10 6 2 1
26 10 7 2 1
26 10 6 3 1
25 12 6 2 1
25 11 7 2 1
25 11 6 3 1
25 10 8 2 1
25 10 7 3 1
25 9 8 3 1
25 9 7 4 1
24 10 9 2 1
24 10 8 3 1
24 10 7 4 1
23 11 6 5 1
23 10 10 2 1
23 10 9 3 1
23 10 8 4 1
23 10 7 4 2
22 15 6 2 1
22 12 6 5 1
22 11 10 2 1
22 11 7 5 1
22 10 10 3 1
22 10 9 4 1
22 10 8 4 2
21 15 7 2 1
21 15 6 3 1
21 13 6 5 1
21 12 10 2 1
21 12 7 5 1
21 11 10 3 1
21 11 8 5 1
21 11 7 5 2
21 10 10 4 1
21 10 9 4 2
21 10 8 4 3
20 17 6 2 1
20 16 7 2 1
20 16 6 3 1
20 15 8 2 1
20 15 7 3 1
20 14 9 2 1
20 14 8 3 1
20 14 7 4 1
20 14 6 5 1
20 13 10 2 1
20 13 9 3 1
20 13 8 4 1
20 13 7 5 1
20 13 7 4 2
20 12 11 2 1
20 12 10 3 1
20 12 9 4 1
20 12 8 5 1
20 12 8 4 2
20 12 7 6 1
20 12 7 5 2
20 11 10 4 1
20 11 8 6 1
20 11 8 5 2
20 11 8 4 3
20 11 7 6 2
20 10 10 4 2
20 10 9 4 3
19 15 9 2 1
19 15 8 3 1
19 15 7 4 1
19 15 6 5 1
19 14 10 2 1
19 14 7 5 1
19 13 10 3 1
19 13 8 5 1
19 13 7 5 2
19 12 10 4 1
19 12 9 5 1
19 12 8 5 2
19 11 10 5 1
19 11 10 4 2
19 11 8 5 3
19 10 10 4 3
18 16 6 5 1
18 15 10 2 1
18 15 9 3 1
18 15 8 4 1
18 15 7 5 1
18 15 7 4 2
18 14 10 3 1
18 14 8 5 1
18 14 7 5 2
18 13 10 4 1
18 13 9 5 1
18 13 8 5 2
18 12 10 5 1
18 12 10 4 2
18 12 9 5 2
18 12 8 5 3
18 11 10 6 1
18 11 10 5 2
18 11 10 4 3
17 16 10 2 1
17 16 7 5 1
17 15 11 2 1
17 15 10 3 1
17 15 9 4 1
17 15 8 5 1
17 15 8 4 2
17 15 7 6 1
17 15 7 5 2
17 14 10 4 1
17 14 9 5 1
17 14 8 5 2
17 13 10 5 1
17 13 10 4 2
17 13 9 5 2
17 13 8 5 3
17 12 11 5 1
17 12 10 6 1
17 12 10 5 2
17 12 10 4 3
17 12 9 5 3
17 11 10 6 2
17 11 10 5 3
16 15 11 3 1
16 15 10 4 1
16 15 9 5 1
16 15 9 4 2
16 15 8 6 1
16 15 8 5 2
16 15 8 4 3
16 15 7 6 2
16 13 11 5 1
16 13 10 6 1
16 13 10 5 2
16 13 10 4 3
16 13 9 5 3
16 12 11 5 2
16 12 10 7 1
16 12 10 6 2
16 12 10 5 3
16 12 9 5 4
16 11 10 6 3
15 15 9 6 1
15 15 9 5 2
15 15 9 4 3
15 15 8 6 2
15 15 8 5 3
15 14 9 7 1
15 14 9 6 2
15 14 9 5 3
15 14 8 6 3
15 13 9 8 1
15 13 9 7 2
15 13 9 6 3
15 13 9 5 4
15 12 9 7 3
16 11 10 6 2 1
15 15 7 6 2 1
15 14 8 6 2 1
15 13 9 6 2 1
15 13 8 6 3 1
15 12 9 7 2 1
15 12 9 6 3 1

45 2
42 5
40 7
37 10
35 12
32 15
30 17
27 20
25 22
41 5 1
40 6 1
40 5 2
40 4 3
39 5 3
38 5 4
37 5 5
36 10 1
36 6 5
35 11 1
35 10 2
35 9 3
35 8 4
35 7 5
34 10 3
34 8 5
33 10 4
33 9 5
32 10 5
31 15 1
31 11 5
31 10 6
30 16 1
30 15 2
30 14 3
30 13 4
30 12 5
30 11 6
30 10 7
30 9 8
29 15 3
29 13 5
29 10 8
28 15 4
28 14 5
28 10 9
27 15 5
27 10 10
26 20 1
26 16 5
26 15 6
26 11 10
25 21 1
25 20 2
25 19 3
25 18 4
25 17 5
25 16 6
25 15 7
25 14 8
25 13 9
25 12 10
24 20 3
24 18 5
24 15 8
24 13 10
23 20 4
23 19 5
23 15 9
23 14 10
22 20 5
22 15 10
21 20 6
21 16 10
21 15 11
20 20 7
20 19 8
20 18 9
20 17 10
20 16 11
20 15 12
20 14 13
19 18 10
19 15 13
35 9 2 1
35 8 3 1
35 7 4 1
35 6 5 1
34 10 2 1
34 7 5 1
33 10 3 1
33 8 5 1
33 7 5 2
32 10 4 1
32 9 5 1
32 8 5 2
31 10 5 1
31 10 4 2
31 9 5 2
31 8 5 3
30 14 2 1
30 13 3 1
30 12 4 1
30 11 5 1
30 11 4 2
30 10 6 1
30 10 5 2
30 10 4 3
30 9 7 1
30 9 6 2
30 9 5 3
30 8 6 3
29 15 2 1
29 12 5 1
29 11 5 2
29 10 7 1
29 10 6 2
29 10 5 3
29 9 5 4
28 15 3 1
28 13 5 1
28 12 5 2
28 11 5 3
28 10 8 1
28 10 7 2
28 10 6 3
28 10 5 4
27 15 4 1
27 14 5 1
27 13 5 2
27 12 5 3
27 11 5 4
27 10 9 1
27 10 8 2
27 10 7 3
26 15 5 1
26 15 4 2
26 14 5 2
26 13 5 3
26 12 5 4
26 11 5 5
26 10 10 1
26 10 9 2
26 10 8 3
26 10 7 4
25 19 2 1
25 18 3 1
25 17 4 1
25 16 5 1
25 16 4 2
25 15 6 1
25 15 5 2
25 15 4 3
25 14 7 1
25 14 6 2
25 14 5 3
25 13 8 1
25 13 7 2
25 13 6 3
25 13 5 4
25 12 9 1
25 12 8 2
25 12 7 3
25 12 5 5
25 11 10 1
25 11 8 3
25 11 7 4
25 11 6 5
25 10 10 2
25 10 9 3
25 10 8 4
24 20 2 1
24 17 5 1
24 16 5 2
24 15 7 1
24 15 6 2
24 15 5 3
24 14 5 4
24 13 5 5
24 12 10 1
24 12 6 5
24 11 10 2
24 11 7 5
24 10 10 3
24 10 9 4
23 20 3 1
23 18 5 1
23 17 5 2
23 16 5 3
23 15 8 1
23 15 7 2
23 15 6 3
23 15 5 4
23 14 5 5
23 13 10 1
23 13 6 5
23 12 10 2
23 12 7 5
23 11 10 3
23 11 8 5
23 10 10 4
22 20 4 1
22 19 5 1
22 18 5 2
22 17 5 3
22 16 5 4
22 15 9 1
22 15 8 2
22 15 7 3
22 15 5 5
22 14 10 1
22 14 6 5
22 13 10 2
22 13 7 5
22 12 10 3
22 12 8 5
22 11 10 4
21 20 5 1
21 20 4 2
21 18 5 3
21 17 5 4
21 16 5 5
21 15 10 1
21 15 9 2
21 15 8 3
21 15 7 4
21 15 6 5
21 14 10 2
21 14 7 5
21 13 10 3
21 13 8 5
21 12 10 4
21 12 9 5
21 11 10 5
20 20 6 1
20 20 5 2
20 20 4 3
20 19 7 1
20 19 6 2
20 19 5 3
20 18 8 1
20 18 7 2
20 18 6 3
20 18 5 4
20 17 9 1
20 17 8 2
20 17 7 3
20 17 5 5
20 16 10 1
20 16 9 2
20 16 8 3
20 16 7 4
20 16 6 5
20 15 11 1
20 15 10 2
20 15 9 3
20 15 8 4
20 15 7 5
20 14 12 1
20 14 11 2
20 14 10 3
20 14 9 4
20 14 8 5
20 14 7 6
20 13 11 3
20 13 10 4
20 13 9 5
20 13 8 6
20 12 11 4
20 12 10 5
20 12 9 6
20 11 10 6
19 18 5 5
19 17 10 1
19 17 6 5
19 16 10 2
19 16 7 5
19 15 12 1
19 15 11 2
19 15 10 3
19 15 9 4
19 15 8 5
19 15 7 6
19 14 10 4
19 14 9 5
19 13 10 5
19 12 11 5
19 12 10 6
18 16 10 3
18 16 8 5
18 15 13 1
18 15 12 2
18 15 11 3
18 15 10 4
18 15 9 5
18 15 8 6
18 14 10 5
18 13 11 5
18 13 10 6
18 12 10 7
17 16 10 4
17 16 9 5
17 15 12 3
17 15 11 4
17 15 10 5
17 15 9 6
17 14 11 5
17 14 10 6
17 13 10 7
16 15 11 5
16 15 10 6
16 15 9 7
16 13 10 8
15 15 9 8
30 8 6 2 1
28 10 6 2 1
27 10 7 2 1
27 10 6 3 1
26 10 8 2 1
26 10 7 3 1
25 13 6 2 1
25 12 7 2 1
25 12 6 3 1
25 11 8 2 1
25 11 7 3 1
25 10 9 2 1
25 10 8 3 1
25 10 7 4 1
25 9 8 4 1
25 9 7 4 2
24 11 6 5 1
24 10 10 2 1
24 10 9 3 1
24 10 8 4 1
24 10 7 4 2
23 15 6 2 1
23 12 6 5 1
23 11 10 2 1
23 11 7 5 1
23 10 10 3 1
23 10 9 4 1
23 10 8 4 2
22 15 7 2 1
22 15 6 3 1
22 13 6 5 1
22 12 10 2 1
22 12 7 5 1
22 11 10 3 1
22 11 8 5 1
22 11 7 5 2
22 10 10 4 1
22 10 9 4 2
22 10 8 4 3
21 15 8 2 1
21 15 7 3 1
21 14 6 5 1
21 13 10 2 1
21 13 7 5 1
21 12 10 3 1
21 12 8 5 1
21 12 7 5 2
21 11 10 4 1
21 11 8 5 2
21 10 10 4 2
21 10 9 4 3
20 18 6 2 1
20 17 7 2 1
20 17 6 3 1
20 16 8 2 1
20 16 7 3 1
20 15 9 2 1
20 15 8 3 1
20 15 7 4 1
20 15 6 5 1
20 14 10 2 1
20 14 9 3 1
20 14 8 4 1
20 14 7 5 1
20 14 7 4 2
20 13 11 2 1
20 13 10 3 1
20 13 9 4 1
20 13 8 5 1
20 13 8 4 2
20 13 7 6 1
20 13 7 5 2
20 12 11 3 1
20 12 10 4 1
20 12 9 5 1
20 12 9 4 2
20 12 8 6 1
20 12 8 5 2
20 12 8 4 3
20 12 7 6 2
20 11 10 5 1
20 11 10 4 2
20 11 8 6 2
20 11 8 5 3
20 10 10 4 3
19 16 6 5 1
19 15 10 2 1
19 15 9 3 1
19 15 8 4 1
19 15 7 5 1
19 15 7 4 2
19 14 10 3 1
19 14 8 5 1
19 14 7 5 2
19 13 10 4 1
19 13 9 5 1
19 13 8 5 2
19 12 10 5 1
19 12 10 4 2
19 12 9 5 2
19 12 8 5 3
19 11 10 6 1
19 11 10 5 2
19 11 10 4 3
18 16 10 2 1
18 16 7 5 1
18 15 11 2 1
18 15 10 3 1
18 15 9 4 1
18 15 8 5 1
18 15 8 4 2
18 15 7 6 1
18 15 7 5 2
18 14 10 4 1
18 14 9 5 1
18 14 8 5 2
18 13 10 5 1
18 13 10 4 2
18 13 9 5 2
18 13 8 5 3
18 12 11 5 1
18 12 10 6 1
18 12 10 5 2
18 12 10 4 3
18 12 9 5 3
18 11 10 6 2
18 11 10 5 3
17 16 10 3 1
17 16 8 5 1
17 16 7 5 2
17 15 12 2 1
17 15 11 3 1
17 15 10 4 1
17 15 9 5 1
17 15 9 4 2
17 15 8 6 1
17 15 8 5 2
17 15 8 4 3
17 15 7 6 2
17 14 10 5 1
17 14 10 4 2
17 14 9 5 2
17 14 8 5 3
17 13 11 5 1
17 13 10 6 1
17 13 10 5 2
17 13 10 4 3
17 13 9 5 3
17 12 11 5 2
17 12 10 7 1
17 12 10 6 2
17 12 10 5 3
17 12 9 5 4
17 11 10 6 3
16 15 11 4 1
16 15 10 5 1
16 15 10 4 2
16 15 9 6 1
16 15 9 5 2
16 15 9 4 3
16 15 8 6 2
16 15 8 5 3
16 13 11 5 2
16 13 10 7 1
16 13 10 6 2
16 13 10 5 3
16 13 9 5 4
16 12 11 5 3
16 12 10 7 2
16 12 10 6 3
16 12 10 5 4
15 15 9 7 1
15 15 9 6 2
15 15 9 5 3
15 15 8 6 3
15 14 9 8 1
15 14 9 7 2
15 14 9 6 3
15 14 9 5 4
15 13 9 8 2
15 13 9 7 3
15 12 9 7 4
20 11 7 6 2 1
17 11 10 6 2 1
16 15 7 6 2 1
16 12 10 6 2 1
16 11 10 6 3 1
15 15 8 6 2 1
15 14 9 6 2 1
15 14 8 6 3 1
15 13 9 7 2 1
15 13 9 6 3 1
15 12 9 7 3 1

45 3
43 5
40 8
38 10
35 13
33 15
30 18
28 20
25 23
45 2 1
42 5 1
41 5 2
40 7 1
40 6 2
40 5 3
39 5 4
38 5 5
37 10 1
37 6 5
36 10 2
36 7 5
35 12 1
35 11 2
35 10 3
35 9 4
35 8 5
35 7 6
34 10 4
34 9 5
33 10 5
32 15 1
32 11 5
32 10 6
31 15 2
31 12 5
31 10 7
30 17 1
30 16 2
30 15 3
30 14 4
30 13 5
30 12 6
30 11 7
30 10 8
29 15 4
29 14 5
29 10 9
28 15 5
28 10 10
27 20 1
27 16 5
27 15 6
27 11 10
26 20 2
26 17 5
26 15 7
26 12 10
25 22 1
25 21 2
25 20 3
25 19 4
25 18 5
25 17 6
25 16 7
25 15 8
25 14 9
25 13 10
25 12 11
24 20 4
24 19 5
24 15 9
24 14 10
23 20 5
23 15 10
22 21 5
22 20 6
22 16 10
22 15 11
21 20 7
21 17 10
21 15 12
20 20 8
20 19 9
20 18 10
20 17 11
20 16 12
20 15 13
19 15 14
36 6 5 1
35 10 2 1
35 9 3 1
35 8 4 1
35 7 5 1
35 7 4 2
34 10 3 1
34 8 5 1
34 7 5 2
33 10 4 1
33 9 5 1
33 8 5 2
32 10 5 1
32 10 4 2
32 9 5 2
32 8 5 3
31 11 5 1
31 10 6 1
31 10 5 2
31 10 4 3
31 9 5 3
30 15 2 1
30 14 3 1
30 13 4 1
30 12 5 1
30 12 4 2
30 11 6 1
30 11 5 2
30 11 4 3
30 10 7 1
30 10 6 2
30 10 5 3
30 9 8 1
30 9 7 2
30 9 6 3
30 9 5 4
29 15 3 1
29 13 5 1
29 12 5 2
29 11 5 3
29 10 8 1
29 10 7 2
29 10 6 3
29 10 5 4
28 15 4 1
28 14 5 1
28 13 5 2
28 12 5 3
28 11 5 4
28 10 9 1
28 10 8 2
28 10 7 3
27 15 5 1
27 15 4 2
27 14 5 2
27 13 5 3
27 12 5 4
27 11 5 5
27 10 10 1
27 10 9 2
27 10 8 3
27 10 7 4
26 16 5 1
26 15 6 1
26 15 5 2
26 15 4 3
26 14 5 3
26 13 5 4
26 12 5 5
26 11 10 1
26 11 6 5
26 10 10 2
26 10 9 3
26 10 8 4
25 20 2 1
25 19 3 1
25 18 4 1
25 17 5 1
25 17 4 2
25 16 6 1
25 16 5 2
25 16 4 3
25 15 7 1
25 15 6 2
25 15 5 3
25 14 8 1
25 14 7 2
25 14 6 3
25 14 5 4
25 13 9 1
25 13 8 2
25 13 7 3
25 13 5 5
25 12 10 1
25 12 9 2
25 12 8 3
25 12 7 4
25 12 6 5
25 11 10 2
25 11 8 4
25 11 7 5
25 10 10 3
25 10 9 4
24 20 3 1
24 18 5 1
24 17 5 2
24 16 5 3
24 15 8 1
24 15 7 2
24 15 6 3
24 15 5 4
24 14 5 5
24 13 10 1
24 13 6 5
24 12 10 2
24 12 7 5
24 11 10 3
24 11 8 5
24 10 10 4
23 20 4 1
23 19 5 1
23 18 5 2
23 17 5 3
23 16 5 4
23 15 9 1
23 15 8 2
23 15 7 3
23 15 5 5
23 14 10 1
23 14 6 5
23 13 10 2
23 13 7 5
23 12 10 3
23 12 8 5
23 11 10 4
22 20 5 1
22 20 4 2
22 19 5 2
22 18 5 3
22 17 5 4
22 16 5 5
22 15 10 1
22 15 9 2
22 15 8 3
22 15 7 4
22 15 6 5
22 14 10 2
22 14 7 5
22 13 10 3
22 13 8 5
22 12 10 4
22 12 9 5
22 11 10 5
21 20 6 1
21 20 5 2
21 20 4 3
21 18 5 4
21 17 5 5
21 16 10 1
21 16 6 5
21 15 11 1
21 15 10 2
21 15 9 3
21 15 8 4
21 15 7 5
21 14 10 3
21 14 8 5
21 13 10 4
21 13 9 5
21 12 10 5
21 11 10 6
20 20 7 1
20 20 6 2
20 20 5 3
20 19 8 1
20 19 7 2
20 19 6 3
20 19 5 4
20 18 9 1
20 18 8 2
20 18 7 3
20 18 5 5
20 17 10 1
20 17 9 2
20 17 8 3
20 17 7 4
20 17 6 5
20 16 11 1
20 16 10 2
20 16 9 3
20 16 8 4
20 16 7 5
20 15 12 1
20 15 11 2
20 15 10 3
20 15 9 4
20 15 8 5
20 15 7 6
20 14 13 1
20 14 12 2
20 14 11 3
20 14 10 4
20 14 9 5
20 14 8 6
20 13 11 4
20 13 10 5
20 13 9 6
20 12 11 5
20 12 10 6
20 12 9 7
19 18 10 1
19 18 6 5
19 17 10 2
19 17 7 5
19 16 10 3
19 16 8 5
19 15 13 1
19 15 12 2
19 15 11 3
19 15 10 4
19 15 9 5
19 15 8 6
19 14 10 5
19 13 11 5
19 13 10 6
19 12 10 7
18 16 10 4
18 16 9 5
18 15 13 2
18 15 12 3
18 15 11 4
18 15 10 5
18 15 9 6
18 14 11 5
18 14 10 6
18 13 10 7
17 16 10 5
17 15 12 4
17 15 11 5
17 15 10 6
17 15 9 7
17 14 12 5
17 14 10 7
17 13 10 8
16 15 11 6
16 15 10 7
16 15 9 8
30 9 6 2 1
30 8 6 3 1
29 10 6 2 1
28 10 7 2 1
28 10 6 3 1
27 10 8 2 1
27 10 7 3 1
26 10 9 2 1
26 10 8 3 1
26 10 7 4 1
25 14 6 2 1
25 13 7 2 1
25 13 6 3 1
25 12 8 2 1
25 12 7 3 1
25 11 8 3 1
25 11 7 4 1
25 11 6 5 1
25 10 10 2 1
25 10 9 3 1
25 10 8 4 1
25 10 7 4 2
25 9 8 4 2
24 15 6 2 1
24 12 6 5 1
24 11 10 2 1
24 11 7 5 1
24 10 10 3 1
24 10 9 4 1
24 10 8 4 2
23 15 7 2 1
23 15 6 3 1
23 13 6 5 1
23 12 10 2 1
23 12 7 5 1
23 11 10 3 1
23 11 8 5 1
23 11 7 5 2
23 10 10 4 1
23 10 9 4 2
23 10 8 4 3
22 15 8 2 1
22 15 7 3 1
22 14 6 5 1
22 13 10 2 1
22 13 7 5 1
22 12 10 3 1
22 12 8 5 1
22 12 7 5 2
22 11 10 4 1
22 11 8 5 2
22 10 10 4 2
22 10 9 4 3
21 15 9 2 1
21 15 8 3 1
21 15 7 4 1
21 15 6 5 1
21 14 10 2 1
21 14 7 5 1
21 13 10 3 1
21 13 8 5 1
21 13 7 5 2
21 12 10 4 1
21 12 9 5 1
21 12 8 5 2
21 11 10 5 1
21 11 10 4 2
21 11 8 5 3
21 10 10 4 3
20 19 6 2 1
20 18 7 2 1
20 18 6 3 1
20 17 8 2 1
20 17 7 3 1
20 16 9 2 1
20 16 8 3 1
20 16 7 4 1
20 16 6 5 1
20 15 10 2 1
20 15 9 3 1
20 15 8 4 1
20 15 7 5 1
20 15 7 4 2
20 14 11 2 1
20 14 10 3 1
20 14 9 4 1
20 14 8 5 1
20 14 8 4 2
20 14 7 6 1
20 14 7 5 2
20 13 11 3 1
20 13 10 4 1
20 13 9 5 1
20 13 9 4 2
20 13 8 6 1
20 13 8 5 2
20 13 8 4 3
20 13 7 6 2
20 12 11 4 1
20 12 10 5 1
20 12 10 4 2
20 12 9 6 1
20 12 9 5 2
20 12 9 4 3
20 12 8 6 2
20 12 8 5 3
20 11 10 6 1
20 11 10 5 2
20 11 10 4 3
20 11 8 6 3
19 17 6 5 1
19 16 10 2 1
19 16 7 5 1
19 15 11 2 1
19 15 10 3 1
19 15 9 4 1
19 15 8 5 1
19 15 8 4 2
19 15 7 6 1
19 15 7 5 2
19 14 10 4 1
19 14 9 5 1
19 14 8 5 2
19 13 10 5 1
19 13 10 4 2
19 13 9 5 2
19 13 8 5 3
19 12 11 5 1
19 12 10 6 1
19 12 10 5 2
19 12 10 4 3
19 12 9 5 3
19 11 10 6 2
19 11 10 5 3
18 16 10 3 1
18 16 8 5 1
18 16 7 5 2
18 15 12 2 1
18 15 11 3 1
18 15 10 4 1
18 15 9 5 1
18 15 9 4 2
18 15 8 6 1
18 15 8 5 2
18 15 8 4 3
18 15 7 6 2
18 14 10 5 1
18 14 10 4 2
18 14 9 5 2
18 14 8 5 3
18 13 11 5 1
18 13 10 6 1
18 13 10 5 2
18 13 10 4 3
18 13 9 5 3
18 12 11 5 2
18 12 10 7 1
18 12 10 6 2
18 12 10 5 3
18 12 9 5 4
18 11 10 6 3
17 16 10 4 1
17 16 9 5 1
17 16 8 5 2
17 15 12 3 1
17 15 11 4 1
17 15 10 5 1
17 15 10 4 2
17 15 9 6 1
17 15 9 5 2
17 15 9 4 3
17 15 8 6 2
17 15 8 5 3
17 14 11 5 1
17 14 10 6 1
17 14 10 5 2
17 14 10 4 3
17 14 9 5 3
17 13 11 5 2
17 13 10 7 1
17 13 10 6 2
17 13 10 5 3
17 13 9 5 4
17 12 11 5 3
17 12 10 7 2
17 12 10 6 3
17 12 10 5 4
16 15 11 5 1
16 15 11 4 2
16 15 10 6 1
16 15 10 5 2
16 15 10 4 3
16 15 9 7 1
16 15 9 6 2
16 15 9 5 3
16 15 8 6 3
16 13 11 5 3
16 13 10 8 1
16 13 10 7 2
16 13 10 6 3
16 13 10 5 4
16 12 11 5 4
16 12 10 7 3
15 15 9 8 1
15 15 9 7 2
15 15 9 6 3
15 15 9 5 4
15 14 9 8 2
15 14 9 7 3
15 13 9 8 3
15 13 9 7 4
20 12 7 6 2 1
20 11 8 6 2 1
18 11 10 6 2 1
17 15 7 6 2 1
17 12 10 6 2 1
17 11 10 6 3 1
16 15 8 6 2 1
16 13 10 6 2 1
16 12 10 7 2 1
16 12 10 6 3 1
15 15 9 6 2 1
15 15 8 6 3 1
15 14 9 7 2 1
15 14 9 6 3 1
15 13 9 8 2 1
15 13 9 7 3 1
15 12 9 7 4 1

45 4
44 5
40 9
39 10
35 14
34 15
30 19
29 20
25 24
45 3 1
43 5 1
42 5 2
41 5 3
40 8 1
40 7 2
40 6 3
40 5 4
39 5 5
38 10 1
38 6 5
37 10 2
37 7 5
36 10 3
36 8 5
35 13 1
35 12 2
35 11 3
35 10 4
35 9 5
35 8 6
34 10 5
33 15 1
33 11 5
33 10 6
32 15 2
32 12 5
32 10 7
31 15 3
31 13 5
31 10 8
30 18 1
30 17 2
30 16 3
30 15 4
30 14 5
30 13 6
30 12 7
30 11 8
30 10 9
29 15 5
29 10 10
28 20 1
28 16 5
28 15 6
28 11 10
27 20 2
27 17 5
27 15 7
27 12 10
26 20 3
26 18 5
26 15 8
26 13 10
25 23 1
25 22 2
25 21 3
25 20 4
25 19 5
25 18 6
25 17 7
25 16 8
25 15 9
25 14 10
25 13 11
24 20 5
24 15 10
23 21 5
23 20 6
23 16 10
23 15 11
22 20 7
22 17 10
22 15 12
21 20 8
21 18 10
21 15 13
20 20 9
20 19 10
20 18 11
20 17 12
20 16 13
20 15 14
40 6 2 1
37 6 5 1
36 10 2 1
36 7 5 1
35 11 2 1
35 10 3 1
35 9 4 1
35 8 5 1
35 8 4 2
35 7 6 1
35 7 5 2
34 10 4 1
34 9 5 1
34 8 5 2
33 10 5 1
33 10 4 2
33 9 5 2
33 8 5 3
32 11 5 1
32 10 6 1
32 10 5 2
32 10 4 3
32 9 5 3
31 15 2 1
31 12 5 1
31 11 5 2
31 10 7 1
31 10 6 2
31 10 5 3
31 9 5 4
30 16 2 1
30 15 3 1
30 14 4 1
30 13 5 1
30 13 4 2
30 12 6 1
30 12 5 2
30 12 4 3
30 11 7 1
30 11 6 2
30 11 5 3
30 10 8 1
30 10 7 2
30 10 6 3
30 10 5 4
30 9 8 2
30 9 7 3
29 15 4 1
29 14 5 1
29 13 5 2
29 12 5 3
29 11 5 4
29 10 9 1
29 10 8 2
29 10 7 3
28 15 5 1
28 15 4 2
28 14 5 2
28 13 5 3
28 12 5 4
28 11 5 5
28 10 10 1
28 10 9 2
28 10 8 3
28 10 7 4
27 16 5 1
27 15 6 1
27 15 5 2
27 15 4 3
27 14 5 3
27 13 5 4
27 12 5 5
27 11 10 1
27 11 6 5
27 10 10 2
27 10 9 3
27 10 8 4
26 20 2 1
26 17 5 1
26 16 5 2
26 15 7 1
26 15 6 2
26 15 5 3
26 14 5 4
26 13 5 5
26 12 10 1
26 12 6 5
26 11 10 2
26 11 7 5
26 10 10 3
26 10 9 4
25 21 2 1
25 20 3 1
25 19 4 1
25 18 5 1
25 18 4 2
25 17 6 1
25 17 5 2
25 17 4 3
25 16 7 1
25 16 6 2
25 16 5 3
25 15 8 1
25 15 7 2
25 15 6 3
25 15 5 4
25 14 9 1
25 14 8 2
25 14 7 3
25 14 5 5
25 13 10 1
25 13 9 2
25 13 8 3
25 13 7 4
25 13 6 5
25 12 11 1
25 12 10 2
25 12 9 3
25 12 8 4
25 12 7 5
25 11 10 3
25 11 8 5
25 11 7 6
25 10 10 4
24 20 4 1
24 19 5 1
24 18 5 2
24 17 5 3
24 16 5 4
24 15 9 1
24 15 8 2
24 15 7 3
24 15 5 5
24 14 10 1
24 14 6 5
24 13 10 2
24 13 7 5
24 12 10 3
24 12 8 5
24 11 10 4
23 20 5 1
23 20 4 2
23 19 5 2
23 18 5 3
23 17 5 4
23 16 5 5
23 15 10 1
23 15 9 2
23 15 8 3
23 15 7 4
23 15 6 5
23 14 10 2
23 14 7 5
23 13 10 3
23 13 8 5
23 12 10 4
23 12 9 5
23 11 10 5
22 21 5 1
22 20 6 1
22 20 5 2
22 20 4 3
22 19 5 3
22 18 5 4
22 17 5 5
22 16 10 1
22 16 6 5
22 15 11 1
22 15 10 2
22 15 9 3
22 15 8 4
22 15 7 5
22 14 10 3
22 14 8 5
22 13 10 4
22 13 9 5
22 12 10 5
22 11 10 6
21 20 7 1
21 20 6 2
21 20 5 3
21 18 5 5
21 17 10 1
21 17 6 5
21 16 10 2
21 16 7 5
21 15 12 1
21 15 11 2
21 15 10 3
21 15 9 4
21 15 8 5
21 15 7 6
21 14 10 4
21 14 9 5
21 13 10 5
21 12 11 5
21 12 10 6
20 20 8 1
20 20 7 2
20 20 6 3
20 20 5 4
20 19 9 1
20 19 8 2
20 19 7 3
20 19 5 5
20 18 10 1
20 18 9 2
20 18 8 3
20 18 7 4
20 18 6 5
20 17 11 1
20 17 10 2
20 17 9 3
20 17 8 4
20 17 7 5
20 16 12 1
20 16 11 2
20 16 10 3
20 16 9 4
20 16 8 5
20 16 7 6
20 15 13 1
20 15 12 2
20 15 11 3
20 15 10 4
20 15 9 5
20 15 8 6
20 14 13 2
20 14 12 3
20 14 11 4
20 14 10 5
20 14 9 6
20 13 11 5
20 13 10 6
20 13 9 7
20 12 11 6
20 12 10 7
19 18 10 2
19 18 7 5
19 17 10 3
19 17 8 5
19 16 10 4
19 16 9 5
19 15 14 1
19 15 13 2
19 15 12 3
19 15 11 4
19 15 10 5
19 15 9 6
19 14 11 5
19 14 10 6
19 13 10 7
18 16 10 5
18 15 13 3
18 15 12 4
18 15 11 5
18 15 10 6
18 15 9 7
18 14 12 5
18 14 10 7
18 13 10 8
17 16 11 5
17 16 10 6
17 15 12 5
17 15 11 6
17 15 10 7
17 15 9 8
17 14 10 8
16 15 11 7
16 15 10 8
30 10 6 2 1
30 9 7 2 1
30 9 6 3 1
29 10 7 2 1
29 10 6 3 1
28 10 8 2 1
28 10 7 3 1
27 10 9 2 1
27 10 8 3 1
27 10 7 4 1
26 11 6 5 1
26 10 10 2 1
26 10 9 3 1
26 10 8 4 1
26 10 7 4 2
25 15 6 2 1
25 14 7 2 1
25 14 6 3 1
25 13 8 2 1
25 13 7 3 1
25 12 9 2 1
25 12 8 3 1
25 12 7 4 1
25 12 6 5 1
25 11 10 2 1
25 11 8 4 1
25 11 7 5 1
25 11 7 4 2
25 10 10 3 1
25 10 9 4 1
25 10 8 4 2
25 9 8 4 3
24 15 7 2 1
24 15 6 3 1
24 13 6 5 1
24 12 10 2 1
24 12 7 5 1
24 11 10 3 1
24 11 8 5 1
24 11 7 5 2
24 10 10 4 1
24 10 9 4 2
24 10 8 4 3
23 15 8 2 1
23 15 7 3 1
23 14 6 5 1
23 13 10 2 1
23 13 7 5 1
23 12 10 3 1
23 12 8 5 1
23 12 7 5 2
23 11 10 4 1
23 11 8 5 2
23 10 10 4 2
23 10 9 4 3
22 15 9 2 1
22 15 8 3 1
22 15 7 4 1
22 15 6 5 1
22 14 10 2 1
22 14 7 5 1
22 13 10 3 1
22 13 8 5 1
22 13 7 5 2
22 12 10 4 1
22 12 9 5 1
22 12 8 5 2
22 11 10 5 1
22 11 10 4 2
22 11 8 5 3
22 10 10 4 3
21 16 6 5 1
21 15 10 2 1
21 15 9 3 1
21 15 8 4 1
21 15 7 5 1
21 15 7 4 2
21 14 10 3 1
21 14 8 5 1
21 14 7 5 2
21 13 10 4 1
21 13 9 5 1
21 13 8 5 2
21 12 10 5 1
21 12 10 4 2
21 12 9 5 2
21 12 8 5 3
21 11 10 6 1
21 11 10 5 2
21 11 10 4 3
20 20 6 2 1
20 19 7 2 1
20 19 6 3 1
20 18 8 2 1
20 18 7 3 1
20 17 9 2 1
20 17 8 3 1
20 17 7 4 1
20 17 6 5 1
20 16 10 2 1
20 16 9 3 1
20 16 8 4 1
20 16 7 5 1
20 16 7 4 2
20 15 11 2 1
20 15 10 3 1
20 15 9 4 1
20 15 8 5 1
20 15 8 4 2
20 15 7 6 1
20 15 7 5 2
20 14 12 2 1
20 14 11 3 1
20 14 10 4 1
20 14 9 5 1
20 14 9 4 2
20 14 8 6 1
20 14 8 5 2
20 14 8 4 3
20 14 7 6 2
20 13 11 4 1
20 13 10 5 1
20 13 10 4 2
20 13 9 6 1
20 13 9 5 2
20 13 9 4 3
20 13 8 6 2
20 13 8 5 3
20 12 11 5 1
20 12 11 4 2
20 12 10 6 1
20 12 10 5 2
20 12 10 4 3
20 12 9 7 1
20 12 9 6 2
20 12 9 5 3
20 12 8 6 3
20 11 10 6 2
20 11 10 5 3
19 18 6 5 1
19 17 10 2 1
19 17 7 5 1
19 16 10 3 1
19 16 8 5 1
19 16 7 5 2
19 15 12 2 1
19 15 11 3 1
19 15 10 4 1
19 15 9 5 1
19 15 9 4 2
19 15 8 6 1
19 15 8 5 2
19 15 8 4 3
19 15 7 6 2
19 14 10 5 1
19 14 10 4 2
19 14 9 5 2
19 14 8 5 3
19 13 11 5 1
19 13 10 6 1
19 13 10 5 2
19 13 10 4 3
19 13 9 5 3
19 12 11 5 2
19 12 10 7 1
19 12 10 6 2
19 12 10 5 3
19 12 9 5 4
19 11 10 6 3
18 16 10 4 1
18 16 9 5 1
18 16 8 5 2
18 15 13 2 1
18 15 12 3 1
18 15 11 4 1
18 15 10 5 1
18 15 10 4 2
18 15 9 6 1
18 15 9 5 2
18 15 9 4 3
18 15 8 6 2
18 15 8 5 3
18 14 11 5 1
18 14 10 6 1
18 14 10 5 2
18 14 10 4 3
18 14 9 5 3
18 13 11 5 2
18 13 10 7 1
18 13 10 6 2
18 13 10 5 3
18 13 9 5 4
18 12 11 5 3
18 12 10 7 2
18 12 10 6 3
18 12 10 5 4
17 16 10 5 1
17 16 10 4 2
17 16 9 5 2
17 16 8 5 3
17 15 12 4 1
17 15 11 5 1
17 15 11 4 2
17 15 10 6 1
17 15 10 5 2
17 15 10 4 3
17 15 9 7 1
17 15 9 6 2
17 15 9 5 3
17 15 8 6 3
17 14 12 5 1
17 14 11 5 2
17 14 10 7 1
17 14 10 6 2
17 14 10 5 3
17 14 9 5 4
17 13 11 5 3
17 13 10 8 1
17 13 10 7 2
17 13 10 6 3
17 13 10 5 4
17 12 11 5 4
17 12 10 7 3
16 15 11 6 1
16 15 11 5 2
16 15 11 4 3
16 15 10 7 1
16 15 10 6 2
16 15 10 5 3
16 15 9 8 1
16 15 9 7 2
16 15 9 6 3
16 15 9 5 4
16 13 11 5 4
16 13 10 8 2
16 13 10 7 3
16 12 11 5 5
16 12 10 7 4
15 15 9 8 2
15 15 9 7 3
15 14 9 8 3
15 14 9 7 4
15 13 9 8 4
20 13 7 6 2 1
20 12 8 6 2 1
20 11 8 6 3 1
19 11 10 6 2 1
18 15 7 6 2 1
18 12 10 6 2 1
18 11 10 6 3 1
17 15 8 6 2 1
17 13 10 6 2 1
17 12 10 7 2 1
17 12 10 6 3 1
16 15 9 6 2 1
16 15 8 6 3 1
16 13 10 7 2 1
16 13 10 6 3 1
16 12 10 7 3 1
15 15 9 7 2 1
15 15 9 6 3 1
15 14 9 8 2 1
15 14 9 7 3 1
15 13 9 8 3 1
15 13 9 7 4 1
15 12 9 7 4 2

50
45 5
40 10
35 15
30 20
25 25
45 4 1
44 5 1
43 5 2
42 5 3
41 5 4
40 9 1
40 8 2
40 7 3
40 5 5
39 10 1
39 6 5
38 10 2
38 7 5
37 10 3
37 8 5
36 10 4
36 9 5
35 14 1
35 13 2
35 12 3
35 11 4
35 10 5
35 9 6
34 15 1
34 11 5
34 10 6
33 15 2
33 12 5
33 10 7
32 15 3
32 13 5
32 10 8
31 15 4
31 14 5
31 10 9
30 19 1
30 18 2
30 17 3
30 16 4
30 15 5
30 14 6
30 13 7
30 12 8
30 10 10
29 20 1
29 16 5
29 15 6
29 11 10
28 20 2
28 17 5
28 15 7
28 12 10
27 20 3
27 18 5
27 15 8
27 13 10
26 20 4
26 19 5
26 15 9
26 14 10
25 24 1
25 23 2
25 22 3
25 21 4
25 20 5
25 19 6
25 18 7
25 17 8
25 16 9
25 15 10
25 14 11
24 21 5
24 20 6
24 16 10
24 15 11
23 20 7
23 17 10
23 15 12
22 20 8
22 18 10
22 15 13
21 20 9
21 15 14
20 20 10
20 19 11
20 18 12
20 17 13
40 7 2 1
40 6 3 1
38 6 5 1
37 10 2 1
37 7 5 1
36 10 3 1
36 8 5 1
36 7 5 2
35 12 2 1
35 11 3 1
35 10 4 1
35 9 5 1
35 9 4 2
35 8 6 1
35 8 5 2
35 8 4 3
35 7 6 2
34 10 5 1
34 10 4 2
34 9 5 2
34 8 5 3
33 11 5 1
33 10 6 1
33 10 5 2
33 10 4 3
33 9 5 3
32 15 2 1
32 12 5 1
32 11 5 2
32 10 7 1
32 10 6 2
32 10 5 3
32 9 5 4
31 15 3 1
31 13 5 1
31 12 5 2
31 11 5 3
31 10 8 1
31 10 7 2
31 10 6 3
31 10 5 4
30 17 2 1
30 16 3 1
30 15 4 1
30 14 5 1
30 14 4 2
30 13 6 1
30 13 5 2
30 13 4 3
30 12 7 1
30 12 6 2
30 12 5 3
30 11 8 1
30 11 7 2
30 11 6 3
30 11 5 4
30 10 9 1
30 10 8 2
30 10 7 3
30 9 8 3
30 9 7 4
29 15 5 1
29 15 4 2
29 14 5 2
29 13 5 3
29 12 5 4
29 11 5 5
29 10 10 1
29 10 9 2
29 10 8 3
29 10 7 4
28 16 5 1
28 15 6 1
28 15 5 2
28 15 4 3
28 14 5 3
28 13 5 4
28 12 5 5
28 11 10 1
28 11 6 5
28 10 10 2
28 10 9 3
28 10 8 4
27 20 2 1
27 17 5 1
27 16 5 2
27 15 7 1
27 15 6 2
27 15 5 3
27 14 5 4
27 13 5 5
27 12 10 1
27 12 6 5
27 11 10 2
27 11 7 5
27 10 10 3
27 10 9 4
26 20 3 1
26 18 5 1
26 17 5 2
26 16 5 3
26 15 8 1
26 15 7 2
26 15 6 3
26 15 5 4
26 14 5 5
26 13 10 1
26 13 6 5
26 12 10 2
26 12 7 5
26 11 10 3
26 11 8 5
26 10 10 4
25 22 2 1
25 21 3 1
25 20 4 1
25 19 5 1
25 19 4 2
25 18 6 1
25 18 5 2
25 18 4 3
25 17 7 1
25 17 6 2
25 17 5 3
25 16 8 1
25 16 7 2
25 16 6 3
25 16 5 4
25 15 9 1
25 15 8 2
25 15 7 3
25 15 5 5
25 14 10 1
25 14 9 2
25 14 8 3
25 14 7 4
25 14 6 5
25 13 11 1
25 13 10 2
25 13 9 3
25 13 8 4
25 13 7 5
25 12 11 2
25 12 10 3
25 12 9 4
25 12 8 5
25 12 7 6
25 11 10 4
25 11 8 6
24 20 5 1
24 20 4 2
24 19 5 2
24 18 5 3
24 17 5 4
24 16 5 5
24 15 10 1
24 15 9 2
24 15 8 3
24 15 7 4
24 15 6 5
24 14 10 2
24 14 7 5
24 13 10 3
24 13 8 5
24 12 10 4
24 12 9 5
24 11 10 5
23 21 5 1
23 20 6 1
23 20 5 2
23 20 4 3
23 19 5 3
23 18 5 4
23 17 5 5
23 16 10 1
23 16 6 5
23 15 11 1
23 15 10 2
23 15 9 3
23 15 8 4
23 15 7 5
23 14 10 3
23 14 8 5
23 13 10 4
23 13 9 5
23 12 10 5
23 11 10 6
22 21 5 2
22 20 7 1
22 20 6 2
22 20 5 3
22 19 5 4
22 18 5 5
22 17 10 1
22 17 6 5
22 16 10 2
22 16 7 5
22 15 12 1
22 15 11 2
22 15 10 3
22 15 9 4
22 15 8 5
22 15 7 6
22 14 10 4
22 14 9 5
22 13 10 5
22 12 11 5
22 12 10 6
21 20 8 1
21 20 7 2
21 20 6 3
21 20 5 4
21 18 10 1
21 18 6 5
21 17 10 2
21 17 7 5
21 16 10 3
21 16 8 5
21 15 13 1
21 15 12 2
21 15 11 3
21 15 10 4
21 15 9 5
21 15 8 6
21 14 10 5
21 13 11 5
21 13 10 6
21 12 10 7
20 20 9 1
20 20 8 2
20 20 7 3
20 20 5 5
20 19 10 1
20 19 9 2
20 19 8 3
20 19 7 4
20 19 6 5
20 18 11 1
20 18 10 2
20 18 9 3
20 18 8 4
20 18 7 5
20 17 12 1
20 17 11 2
20 17 10 3
20 17 9 4
20 17 8 5
20 17 7 6
20 16 13 1
20 16 12 2
20 16 11 3
20 16 10 4
20 16 9 5
20 16 8 6
20 15 14 1
20 15 13 2
20 15 12 3
20 15 11 4
20 15 10 5
20 15 9 6
20 14 13 3
20 14 12 4
20 14 11 5
20 14 10 6
20 14 9 7
20 13 11 6
20 13 10 7
20 13 9 8
20 12 11 7
19 18 10 3
19 18 8 5
19 17 10 4
19 17 9 5
19 16 10 5
19 15 14 2
19 15 13 3
19 15 12 4
19 15 11 5
19 15 10 6
19 15 9 7
19 14 12 5
19 14 10 7
19 13 10 8
18 16 11 5
18 16 10 6
18 15 13 4
18 15 12 5
18 15 11 6
18 15 10 7
18 15 9 8
18 14 13 5
18 14 10 8
17 16 12 5
17 16 10 7
17 15 12 6
17 15 11 7
17 15 10 8
17 14 10 9
16 15 11 8
31 10 6 2 1
30 11 6 2 1
30 10 7 2 1
30 10 6 3 1
30 9 8 2 1
30 9 7 3 1
29 10 8 2 1
29 10 7 3 1
28 10 9 2 1
28 10 8 3 1
28 10 7 4 1
27 11 6 5 1
27 10 10 2 1
27 10 9 3 1
27 10 8 4 1
27 10 7 4 2
26 15 6 2 1
26 12 6 5 1
26 11 10 2 1
26 11 7 5 1
26 10 10 3 1
26 10 9 4 1
26 10 8 4 2
25 16 6 2 1
25 15 7 2 1
25 15 6 3 1
25 14 8 2 1
25 14 7 3 1
25 13 9 2 1
25 13 8 3 1
25 13 7 4 1
25 13 6 5 1
25 12 10 2 1
25 12 9 3 1
25 12 8 4 1
25 12 7 5 1
25 12 7 4 2
25 11 10 3 1
25 11 8 5 1
25 11 8 4 2
25 11 7 6 1
25 11 7 5 2
25 10 10 4 1
25 10 9 4 2
25 10 8 4 3
24 15 8 2 1
24 15 7 3 1
24 14 6 5 1
24 13 10 2 1
24 13 7 5 1
24 12 10 3 1
24 12 8 5 1
24 12 7 5 2
24 11 10 4 1
24 11 8 5 2
24 10 10 4 2
24 10 9 4 3
23 15 9 2 1
23 15 8 3 1
23 15 7 4 1
23 15 6 5 1
23 14 10 2 1
23 14 7 5 1
23 13 10 3 1
23 13 8 5 1
23 13 7 5 2
23 12 10 4 1
23 12 9 5 1
23 12 8 5 2
23 11 10 5 1
23 11 10 4 2
23 11 8 5 3
23 10 10 4 3
22 16 6 5 1
22 15 10 2 1
22 15 9 3 1
22 15 8 4 1
22 15 7 5 1
22 15 7 4 2
22 14 10 3 1
22 14 8 5 1
22 14 7 5 2
22 13 10 4 1
22 13 9 5 1
22 13 8 5 2
22 12 10 5 1
22 12 10 4 2
22 12 9 5 2
22 12 8 5 3
22 11 10 6 1
22 11 10 5 2
22 11 10 4 3
21 20 6 2 1
21 17 6 5 1
21 16 10 2 1
21 16 7 5 1
21 15 11 2 1
21 15 10 3 1
21 15 9 4 1
21 15 8 5 1
21 15 8 4 2
21 15 7 6 1
21 15 7 5 2
21 14 10 4 1
21 14 9 5 1
21 14 8 5 2
21 13 10 5 1
21 13 10 4 2
21 13 9 5 2
21 13 8 5 3
21 12 11 5 1
21 12 10 6 1
21 12 10 5 2
21 12 10 4 3
21 12 9 5 3
21 11 10 6 2
21 11 10 5 3
20 20 7 2 1
20 20 6 3 1
20 19 8 2 1
20 19 7 3 1
20 18 9 2 1
20 18 8 3 1
20 18 7 4 1
20 18 6 5 1
20 17 10 2 1
20 17 9 3 1
20 17 8 4 1
20 17 7 5 1
20 17 7 4 2
20 16 11 2 1
20 16 10 3 1
20 16 9 4 1
20 16 8 5 1
20 16 8 4 2
20 16 7 6 1
20 16 7 5 2
20 15 12 2 1
20 15 11 3 1
20 15 10 4 1
20 15 9 5 1
20 15 9 4 2
20 15 8 6 1
20 15 8 5 2
20 15 8 4 3
20 15 7 6 2
20 14 13 2 1
20 14 12 3 1
20 14 11 4 1
20 14 10 5 1
20 14 10 4 2
20 14 9 6 1
20 14 9 5 2
20 14 9 4 3
20 14 8 6 2
20 14 8 5 3
20 13 11 5 1
20 13 11 4 2
20 13 10 6 1
20 13 10 5 2
20 13 10 4 3
20 13 9 7 1
20 13 9 6 2
20 13 9 5 3
20 13 8 6 3
20 12 11 6 1
20 12 11 5 2
20 12 11 4 3
20 12 10 7 1
20 12 10 6 2
20 12 10 5 3
20 12 9 7 2
20 12 9 6 3
20 12 9 5 4
20 11 10 6 3
19 18 10 2 1
19 18 7 5 1
19 17 10 3 1
19 17 8 5 1
19 17 7 5 2
19 16 10 4 1
19 16 9 5 1
19 16 8 5 2
19 15 13 2 1
19 15 12 3 1
19 15 11 4 1
19 15 10 5 1
19 15 10 4 2
19 15 9 6 1
19 15 9 5 2
19 15 9 4 3
19 15 8 6 2
19 15 8 5 3
19 14 11 5 1
19 14 10 6 1
19 14 10 5 2
19 14 10 4 3
19 14 9 5 3
19 13 11 5 2
19 13 10 7 1
19 13 10 6 2
19 13 10 5 3
19 13 9 5 4
19 12 11 5 3
19 12 10 7 2
19 12 10 6 3
19 12 10 5 4
18 16 10 5 1
18 16 10 4 2
18 16 9 5 2
18 16 8 5 3
18 15 13 3 1
18 15 12 4 1
18 15 11 5 1
18 15 11 4 2
18 15 10 6 1
18 15 10 5 2
18 15 10 4 3
18 15 9 7 1
18 15 9 6 2
18 15 9 5 3
18 15 8 6 3
18 14 12 5 1
18 14 11 5 2
18 14 10 7 1
18 14 10 6 2
18 14 10 5 3
18 14 9 5 4
18 13 11 5 3
18 13 10 8 1
18 13 10 7 2
18 13 10 6 3
18 13 10 5 4
18 12 11 5 4
18 12 10 7 3
17 16 11 5 1
17 16 10 6 1
17 16 10 5 2
17 16 10 4 3
17 16 9 5 3
17 15 12 5 1
17 15 12 4 2
17 15 11 6 1
17 15 11 5 2
17 15 11 4 3
17 15 10 7 1
17 15 10 6 2
17 15 10 5 3
17 15 9 8 1
17 15 9 7 2
17 15 9 6 3
17 15 9 5 4
17 14 12 5 2
17 14 11 5 3
17 14 10 8 1
17 14 10 7 2
17 14 10 6 3
17 14 10 5 4
17 13 11 5 4
17 13 10 8 2
17 13 10 7 3
17 12 11 5 5
17 12 10 7 4
16 15 11 7 1
16 15 11 6 2
16 15 11 5 3
16 15 10 8 1
16 15 10 7 2
16 15 10 6 3
16 15 10 5 4
16 15 9 8 2
16 15 9 7 3
16 13 11 5 5
16 13 10 8 3
16 13 10 7 4
16 12 11 6 5
15 15 9 8 3
15 15 9 7 4
15 14 9 8 4
20 14 7 6 2 1
20 13 8 6 2 1
20 12 9 6 2 1
20 12 8 6 3 1
20 11 10 6 2 1
19 15 7 6 2 1
19 12 10 6 2 1
19 11 10 6 3 1
18 15 8 6 2 1
18 13 10 6 2 1
18 12 10 7 2 1
18 12 10 6 3 1
17 15 9 6 2 1
17 15 8 6 3 1
17 14 10 6 2 1
17 13 10 7 2 1
17 13 10 6 3 1
17 12 10 7 3 1
16 15 10 6 2 1
16 15 9 7 2 1
16 15 9 6 3 1
16 13 10 8 2 1
16 13 10 7 3 1
16 12 10 7 4 1
15 15 9 8 2 1
15 15 9 7 3 1
15 14 9 8 3 1
15 14 9 7 4 1
15 13 9 8 4 1
15 13 9 7 4 2

0 0 0 0 0 1 1 1 1 1 2 2 3 4 5 5 7 8 10 12 13 16 19 23 27 30 35 41 47 55 63 72 82 94 107 122 138 157 176 200 227 255 286 322 360 405 452 506 563 628 701
0 0 0 0 0 1 1 1 1 1 1 1 1 2 2 1 2 2 1 1 -1 -1 -2 -2 -4 -4 -6 -5 -7 -5 -6 -3 -3 2 5 10 14 21 25 30 35 36 35 32 25 11 -6 -30 -58 -91 -123
