0


2

3


5


7
5 2

8
5 3

7 2

8 2
7 3
5 5

8 3

12
7 5

13
8 5

12 2
7 5 2

15
13 2
12 3
8 5 2

13 3
8 5 3

17
15 2
12 5

18
15 3
13 5

17 2
12 7
12 5 2

18 2
17 3
15 5
13 7
12 8
13 5 2
12 5 3

18 3
13 8
13 5 3
12 7 2

22
17 5
15 7
15 5 2
13 7 2
12 8 2
12 7 3
12 5 5

23
18 5
15 8
15 5 3
13 8 2
13 7 3
13 5 5
12 8 3

22 2
17 7
17 5 2
15 7 2
13 8 3
12 7 5

25
23 2
22 3
18 7
17 8
18 5 2
17 5 3
15 8 2
15 7 3
15 5 5
13 7 5
12 8 5

23 3
18 8
18 5 3
17 7 2
15 8 3
13 8 5
12 7 5 2

27
25 2
22 5
15 12
18 7 2
17 8 2
17 7 3
17 5 5
15 7 5
13 7 5 2
12 8 5 2

28
25 3
23 5
15 13
18 8 2
18 7 3
18 5 5
17 8 3
15 8 5
13 8 5 2
12 8 5 3

27 2
22 7
17 12
22 5 2
18 8 3
17 7 5
15 12 2
15 7 5 2
13 8 5 3

28 2
27 3
25 5
23 7
22 8
18 12
17 13
15 15
23 5 2
22 5 3
18 7 5
17 8 5
15 13 2
15 12 3
15 8 5 2

28 3
23 8
18 13
23 5 3
22 7 2
18 8 5
17 12 2
15 13 3
17 7 5 2
15 8 5 3

32
27 5
25 7
17 15
25 5 2
23 7 2
22 8 2
22 7 3
22 5 5
18 12 2
17 13 2
17 12 3
15 15 2
15 12 5
18 7 5 2
17 8 5 2

33
28 5
25 8
18 15
25 5 3
23 8 2
23 7 3
23 5 5
22 8 3
18 13 2
18 12 3
17 13 3
15 15 3
15 13 5
18 8 5 2
17 8 5 3

32 2
27 7
22 12
27 5 2
25 7 2
23 8 3
22 7 5
18 13 3
17 15 2
17 12 5
15 12 7
18 8 5 3
15 12 5 2

35
33 2
32 3
28 7
27 8
23 12
22 13
28 5 2
27 5 3
25 8 2
25 7 3
25 5 5
23 7 5
22 8 5
18 15 2
18 12 5
17 15 3
17 13 5
15 15 5
15 13 7
15 12 8
15 13 5 2
15 12 5 3

33 3
28 8
23 13
28 5 3
27 7 2
25 8 3
23 8 5
22 12 2
18 15 3
18 13 5
17 12 7
15 13 8
22 7 5 2
17 12 5 2
15 13 5 3
15 12 7 2

37
35 2
32 5
25 12
22 15
28 7 2
27 8 2
27 7 3
27 5 5
25 7 5
23 12 2
22 13 2
22 12 3
18 12 7
17 15 5
17 13 7
17 12 8
15 15 7
23 7 5 2
22 8 5 2
18 12 5 2
17 13 5 2
17 12 5 3
15 15 5 2
15 13 7 2
15 12 8 2
15 12 7 3
15 12 5 5

38
35 3
33 5
25 13
23 15
28 8 2
28 7 3
28 5 5
27 8 3
25 8 5
23 13 2
23 12 3
22 13 3
18 15 5
18 13 7
18 12 8
17 13 8
15 15 8
23 8 5 2
22 8 5 3
18 13 5 2
18 12 5 3
17 13 5 3
17 12 7 2
15 15 5 3
15 13 8 2
15 13 7 3
15 13 5 5
15 12 8 3

37 2
32 7
27 12
22 17
32 5 2
28 8 3
27 7 5
25 12 2
23 13 3
22 15 2
22 12 5
18 13 8
17 15 7
25 7 5 2
23 8 5 3
18 13 5 3
18 12 7 2
17 15 5 2
17 13 7 2
17 12 8 2
17 12 7 3
17 12 5 5
15 15 7 2
15 13 8 3
15 12 7 5

38 2
37 3
35 5
33 7
32 8
28 12
27 13
25 15
23 17
22 18
33 5 2
32 5 3
28 7 5
27 8 5
25 13 2
25 12 3
23 15 2
23 12 5
22 15 3
22 13 5
18 15 7
17 15 8
25 8 5 2
18 15 5 2
18 13 7 2
18 12 8 2
18 12 7 3
18 12 5 5
17 15 5 3
17 13 8 2
17 13 7 3
17 13 5 5
17 12 8 3
15 15 8 2
15 15 7 3
15 15 5 5
15 13 7 5
15 12 8 5

38 3
33 8
28 13
23 18
33 5 3
32 7 2
28 8 5
27 12 2
25 13 3
23 15 3
23 13 5
22 17 2
22 12 7
18 15 8
27 7 5 2
25 8 5 3
22 12 5 2
18 15 5 3
18 13 8 2
18 13 7 3
18 13 5 5
18 12 8 3
17 15 7 2
17 13 8 3
17 12 7 5
15 15 8 3
15 13 8 5
15 12 7 5 2

42
37 5
35 7
27 15
25 17
35 5 2
33 7 2
32 8 2
32 7 3
32 5 5
28 12 2
27 13 2
27 12 3
25 15 2
25 12 5
23 17 2
23 12 7
22 18 2
22 17 3
22 15 5
22 13 7
22 12 8
28 7 5 2
27 8 5 2
23 12 5 2
22 13 5 2
22 12 5 3
18 15 7 2
18 13 8 3
18 12 7 5
17 15 8 2
17 15 7 3
17 15 5 5
17 13 7 5
17 12 8 5
15 15 7 5
15 13 7 5 2
15 12 8 5 2

43
38 5
35 8
28 15
25 18
35 5 3
33 8 2
33 7 3
33 5 5
32 8 3
28 13 2
28 12 3
27 13 3
25 15 3
25 13 5
23 18 2
23 17 3
23 15 5
23 13 7
23 12 8
22 18 3
22 13 8
28 8 5 2
27 8 5 3
23 13 5 2
23 12 5 3
22 13 5 3
22 12 7 2
18 15 8 2
18 15 7 3
18 15 5 5
18 13 7 5
18 12 8 5
17 15 8 3
17 13 8 5
15 15 8 5
17 12 7 5 2
15 13 8 5 2
15 12 8 5 3

42 2
37 7
32 12
27 17
37 5 2
35 7 2
33 8 3
32 7 5
28 13 3
27 15 2
27 12 5
25 17 2
25 12 7
23 18 3
23 13 8
22 17 5
22 15 7
17 15 12
28 8 5 3
25 12 5 2
23 13 5 3
23 12 7 2
22 15 5 2
22 13 7 2
22 12 8 2
22 12 7 3
22 12 5 5
18 15 8 3
18 13 8 5
17 15 7 5
18 12 7 5 2
17 13 7 5 2
17 12 8 5 2
15 15 7 5 2
15 13 8 5 3

45
43 2
42 3
38 7
37 8
33 12
32 13
28 17
27 18
38 5 2
37 5 3
35 8 2
35 7 3
35 5 5
33 7 5
32 8 5
28 15 2
28 12 5
27 15 3
27 13 5
25 18 2
25 17 3
25 15 5
25 13 7
25 12 8
23 17 5
23 15 7
22 18 5
22 15 8
18 15 12
25 13 5 2
25 12 5 3
23 15 5 2
23 13 7 2
23 12 8 2
23 12 7 3
23 12 5 5
22 15 5 3
22 13 8 2
22 13 7 3
22 13 5 5
22 12 8 3
18 15 7 5
17 15 8 5
18 13 7 5 2
18 12 8 5 2
17 13 8 5 2
17 12 8 5 3
15 15 8 5 2

43 3
38 8
33 13
28 18
38 5 3
37 7 2
35 8 3
33 8 5
32 12 2
28 15 3
28 13 5
27 17 2
27 12 7
25 18 3
25 13 8
23 18 5
23 15 8
22 17 7
18 15 13
32 7 5 2
27 12 5 2
25 13 5 3
25 12 7 2
23 15 5 3
23 13 8 2
23 13 7 3
23 13 5 5
23 12 8 3
22 17 5 2
22 15 7 2
22 13 8 3
22 12 7 5
18 15 8 5
17 15 12 2
18 13 8 5 2
18 12 8 5 3
17 15 7 5 2
17 13 8 5 3
15 15 8 5 3

47
45 2
42 5
35 12
32 15
25 22
38 7 2
37 8 2
37 7 3
37 5 5
35 7 5
33 12 2
32 13 2
32 12 3
28 17 2
28 12 7
27 18 2
27 17 3
27 15 5
27 13 7
27 12 8
25 17 5
25 15 7
23 17 7
22 18 7
22 17 8
33 7 5 2
32 8 5 2
28 12 5 2
27 13 5 2
27 12 5 3
25 15 5 2
25 13 7 2
25 12 8 2
25 12 7 3
25 12 5 5
23 17 5 2
23 15 7 2
23 13 8 3
23 12 7 5
22 18 5 2
22 17 5 3
22 15 8 2
22 15 7 3
22 15 5 5
22 13 7 5
22 12 8 5
18 15 12 2
17 15 12 3
18 15 7 5 2
18 13 8 5 3
17 15 8 5 2

48
45 3
43 5
35 13
33 15
25 23
38 8 2
38 7 3
38 5 5
37 8 3
35 8 5
33 13 2
33 12 3
32 13 3
28 18 2
28 17 3
28 15 5
28 13 7
28 12 8
27 18 3
27 13 8
25 18 5
25 15 8
23 18 7
23 17 8
22 18 8
33 8 5 2
32 8 5 3
28 13 5 2
28 12 5 3
27 13 5 3
27 12 7 2
25 15 5 3
25 13 8 2
25 13 7 3
25 13 5 5
25 12 8 3
23 18 5 2
23 17 5 3
23 15 8 2
23 15 7 3
23 15 5 5
23 13 7 5
23 12 8 5
22 18 5 3
22 17 7 2
22 15 8 3
22 13 8 5
18 15 13 2
18 15 12 3
22 12 7 5 2
18 15 8 5 2
17 15 8 5 3

47 2
42 7
37 12
32 17
27 22
42 5 2
38 8 3
37 7 5
35 12 2
33 13 3
32 15 2
32 12 5
28 18 3
28 13 8
27 17 5
27 15 7
25 22 2
25 17 7
23 18 8
22 15 12
35 7 5 2
33 8 5 3
28 13 5 3
28 12 7 2
27 15 5 2
27 13 7 2
27 12 8 2
27 12 7 3
27 12 5 5
25 17 5 2
25 15 7 2
25 13 8 3
25 12 7 5
23 18 5 3
23 17 7 2
23 15 8 3
23 13 8 5
22 18 7 2
22 17 8 2
22 17 7 3
22 17 5 5
22 15 7 5
18 15 13 3
17 15 12 5
23 12 7 5 2
22 13 7 5 2
22 12 8 5 2
18 15 8 5 3

48 2
47 3
45 5
43 7
42 8
38 12
37 13
35 15
33 17
32 18
28 22
27 23
25 25
43 5 2
42 5 3
38 7 5
37 8 5
35 13 2
35 12 3
33 15 2
33 12 5
32 15 3
32 13 5
28 17 5
28 15 7
27 18 5
27 15 8
25 23 2
25 22 3
25 18 7
25 17 8
23 15 12
22 15 13
35 8 5 2
28 15 5 2
28 13 7 2
28 12 8 2
28 12 7 3
28 12 5 5
27 15 5 3
27 13 8 2
27 13 7 3
27 13 5 5
27 12 8 3
25 18 5 2
25 17 5 3
25 15 8 2
25 15 7 3
25 15 5 5
25 13 7 5
25 12 8 5
23 18 7 2
23 17 8 2
23 17 7 3
23 17 5 5
23 15 7 5
22 18 8 2
22 18 7 3
22 18 5 5
22 17 8 3
22 15 8 5
18 15 12 5
23 13 7 5 2
23 12 8 5 2
22 13 8 5 2
22 12 8 5 3

1 0 1 1 0 1 0 2 2 1 3 1 2 2 2 4 2 3 3 3 7 4 8 8 6 12 7 11 11 9 15 10 16 16 13 23 16 28 29 25 38 28 38 39 35 49 39 52 53 48 66
0 0 1 1 -1 0 -1 2 2 -1 -1 0 2 1 -2 -2 -1 2 2 -1 1 0 4 3 -3 -1 0 1 -1 -3 -2 0 2 0 -2 6 4 6 4 1 2 1 -12 -16 -6 0 -7 -12 -3 21 42
