0

1

2

3
2 1

4
3 1

4 1
3 2

6
4 2
3 2 1

7
6 1
4 3
4 2 1

8
7 1
6 2
4 3 1

9
8 1
7 2
6 3
6 2 1
4 3 2

9 1
8 2
7 3
6 4
7 2 1
6 3 1
4 3 2 1

11
9 2
8 3
7 4
8 2 1
7 3 1
6 4 1
6 3 2

12
11 1
9 3
8 4
9 2 1
8 3 1
7 4 1
7 3 2
6 4 2
6 3 2 1

13
12 1
11 2
9 4
7 6
9 3 1
8 4 1
8 3 2
7 4 2
6 4 3
7 3 2 1
6 4 2 1

14
13 1
12 2
11 3
8 6
11 2 1
9 4 1
9 3 2
8 4 2
7 6 1
7 4 3
8 3 2 1
7 4 2 1
6 4 3 1

14 1
13 2
12 3
11 4
9 6
8 7
12 2 1
11 3 1
9 4 2
8 6 1
8 4 3
7 6 2
9 3 2 1
8 4 2 1
7 4 3 1
6 4 3 2

16
14 2
13 3
12 4
9 7
13 2 1
12 3 1
11 4 1
11 3 2
9 6 1
9 4 3
8 7 1
8 6 2
7 6 3
9 4 2 1
8 4 3 1
7 6 2 1
7 4 3 2
6 4 3 2 1

17
16 1
14 3
13 4
11 6
9 8
14 2 1
13 3 1
12 4 1
12 3 2
11 4 2
9 7 1
9 6 2
8 7 2
8 6 3
7 6 4
11 3 2 1
9 4 3 1
8 6 2 1
8 4 3 2
7 6 3 1
7 4 3 2 1

18
17 1
16 2
14 4
12 6
11 7
14 3 1
13 4 1
13 3 2
12 4 2
11 6 1
11 4 3
9 8 1
9 7 2
9 6 3
8 7 3
8 6 4
12 3 2 1
11 4 2 1
9 6 2 1
9 4 3 2
8 7 2 1
8 6 3 1
7 6 4 1
7 6 3 2
8 4 3 2 1

19
18 1
17 2
16 3
13 6
12 7
11 8
16 2 1
14 4 1
14 3 2
13 4 2
12 6 1
12 4 3
11 7 1
11 6 2
9 8 2
9 7 3
9 6 4
8 7 4
13 3 2 1
12 4 2 1
11 4 3 1
9 7 2 1
9 6 3 1
8 7 3 1
8 6 4 1
8 6 3 2
7 6 4 2
9 4 3 2 1
7 6 3 2 1

19 1
18 2
17 3
16 4
14 6
13 7
12 8
11 9
17 2 1
16 3 1
14 4 2
13 6 1
13 4 3
12 7 1
12 6 2
11 8 1
11 7 2
11 6 3
9 8 3
9 7 4
14 3 2 1
13 4 2 1
12 4 3 1
11 6 2 1
11 4 3 2
9 8 2 1
9 7 3 1
9 6 4 1
9 6 3 2
8 7 4 1
8 7 3 2
8 6 4 2
7 6 4 3
8 6 3 2 1
7 6 4 2 1

21
19 2
18 3
17 4
14 7
13 8
12 9
18 2 1
17 3 1
16 4 1
16 3 2
14 6 1
14 4 3
13 7 1
13 6 2
12 8 1
12 7 2
12 6 3
11 9 1
11 8 2
11 7 3
11 6 4
9 8 4
8 7 6
14 4 2 1
13 4 3 1
12 6 2 1
12 4 3 2
11 7 2 1
11 6 3 1
9 8 3 1
9 7 4 1
9 7 3 2
9 6 4 2
8 7 4 2
8 6 4 3
11 4 3 2 1
9 6 3 2 1
8 7 3 2 1
8 6 4 2 1
7 6 4 3 1

22
21 1
19 3
18 4
16 6
14 8
13 9
19 2 1
18 3 1
17 4 1
17 3 2
16 4 2
14 7 1
14 6 2
13 8 1
13 7 2
13 6 3
12 9 1
12 8 2
12 7 3
12 6 4
11 9 2
11 8 3
11 7 4
9 7 6
16 3 2 1
14 4 3 1
13 6 2 1
13 4 3 2
12 7 2 1
12 6 3 1
11 8 2 1
11 7 3 1
11 6 4 1
11 6 3 2
9 8 4 1
9 8 3 2
9 7 4 2
9 6 4 3
8 7 6 1
8 7 4 3
12 4 3 2 1
9 7 3 2 1
9 6 4 2 1
8 7 4 2 1
8 6 4 3 1
7 6 4 3 2

23
22 1
21 2
19 4
17 6
16 7
14 9
12 11
19 3 1
18 4 1
18 3 2
17 4 2
16 6 1
16 4 3
14 8 1
14 7 2
14 6 3
13 9 1
13 8 2
13 7 3
13 6 4
12 9 2
12 8 3
12 7 4
11 9 3
11 8 4
9 8 6
17 3 2 1
16 4 2 1
14 6 2 1
14 4 3 2
13 7 2 1
13 6 3 1
12 8 2 1
12 7 3 1
12 6 4 1
12 6 3 2
11 9 2 1
11 8 3 1
11 7 4 1
11 7 3 2
11 6 4 2
9 8 4 2
9 7 6 1
9 7 4 3
8 7 6 2
13 4 3 2 1
11 6 3 2 1
9 8 3 2 1
9 7 4 2 1
9 6 4 3 1
8 7 4 3 1
8 6 4 3 2
7 6 4 3 2 1

24
23 1
22 2
21 3
18 6
17 7
16 8
13 11
21 2 1
19 4 1
19 3 2
18 4 2
17 6 1
17 4 3
16 7 1
16 6 2
14 9 1
14 8 2
14 7 3
14 6 4
13 9 2
13 8 3
13 7 4
12 11 1
12 9 3
12 8 4
11 9 4
11 7 6
9 8 7
18 3 2 1
17 4 2 1
16 4 3 1
14 7 2 1
14 6 3 1
13 8 2 1
13 7 3 1
13 6 4 1
13 6 3 2
12 9 2 1
12 8 3 1
12 7 4 1
12 7 3 2
12 6 4 2
11 9 3 1
11 8 4 1
11 8 3 2
11 7 4 2
11 6 4 3
9 8 6 1
9 8 4 3
9 7 6 2
8 7 6 3
14 4 3 2 1
12 6 3 2 1
11 7 3 2 1
11 6 4 2 1
9 8 4 2 1
9 7 4 3 1
9 6 4 3 2
8 7 6 2 1
8 7 4 3 2
8 6 4 3 2 1

24 1
23 2
22 3
21 4
19 6
18 7
17 8
16 9
14 11
13 12
22 2 1
21 3 1
19 4 2
18 6 1
18 4 3
17 7 1
17 6 2
16 8 1
16 7 2
16 6 3
14 9 2
14 8 3
14 7 4
13 11 1
13 9 3
13 8 4
12 11 2
12 9 4
12 7 6
11 8 6
19 3 2 1
18 4 2 1
17 4 3 1
16 6 2 1
16 4 3 2
14 8 2 1
14 7 3 1
14 6 4 1
14 6 3 2
13 9 2 1
13 8 3 1
13 7 4 1
13 7 3 2
13 6 4 2
12 9 3 1
12 8 4 1
12 8 3 2
12 7 4 2
12 6 4 3
11 9 4 1
11 9 3 2
11 8 4 2
11 7 6 1
11 7 4 3
9 8 7 1
9 8 6 2
9 7 6 3
8 7 6 4
13 6 3 2 1
12 7 3 2 1
12 6 4 2 1
11 8 3 2 1
11 7 4 2 1
11 6 4 3 1
9 8 4 3 1
9 7 6 2 1
9 7 4 3 2
8 7 6 3 1
9 6 4 3 2 1
8 7 4 3 2 1

26
24 2
23 3
22 4
19 7
18 8
17 9
14 12
23 2 1
22 3 1
21 4 1
21 3 2
19 6 1
19 4 3
18 7 1
18 6 2
17 8 1
17 7 2
17 6 3
16 9 1
16 8 2
16 7 3
16 6 4
14 11 1
14 9 3
14 8 4
13 12 1
13 11 2
13 9 4
13 7 6
12 11 3
12 8 6
11 9 6
11 8 7
19 4 2 1
18 4 3 1
17 6 2 1
17 4 3 2
16 7 2 1
16 6 3 1
14 9 2 1
14 8 3 1
14 7 4 1
14 7 3 2
14 6 4 2
13 9 3 1
13 8 4 1
13 8 3 2
13 7 4 2
13 6 4 3
12 11 2 1
12 9 4 1
12 9 3 2
12 8 4 2
12 7 6 1
12 7 4 3
11 9 4 2
11 8 6 1
11 8 4 3
11 7 6 2
9 8 7 2
9 8 6 3
9 7 6 4
16 4 3 2 1
14 6 3 2 1
13 7 3 2 1
13 6 4 2 1
12 8 3 2 1
12 7 4 2 1
12 6 4 3 1
11 9 3 2 1
11 8 4 2 1
11 7 4 3 1
11 6 4 3 2
9 8 6 2 1
9 8 4 3 2
9 7 6 3 1
8 7 6 4 1
8 7 6 3 2
9 7 4 3 2 1

27
26 1
24 3
23 4
21 6
19 8
18 9
16 11
14 13
24 2 1
23 3 1
22 4 1
22 3 2
21 4 2
19 7 1
19 6 2
18 8 1
18 7 2
18 6 3
17 9 1
17 8 2
17 7 3
17 6 4
16 9 2
16 8 3
16 7 4
14 12 1
14 11 2
14 9 4
14 7 6
13 12 2
13 11 3
13 8 6
12 11 4
12 9 6
12 8 7
11 9 7
21 3 2 1
19 4 3 1
18 6 2 1
18 4 3 2
17 7 2 1
17 6 3 1
16 8 2 1
16 7 3 1
16 6 4 1
16 6 3 2
14 9 3 1
14 8 4 1
14 8 3 2
14 7 4 2
14 6 4 3
13 11 2 1
13 9 4 1
13 9 3 2
13 8 4 2
13 7 6 1
13 7 4 3
12 11 3 1
12 9 4 2
12 8 6 1
12 8 4 3
12 7 6 2
11 9 6 1
11 9 4 3
11 8 7 1
11 8 6 2
11 7 6 3
9 8 7 3
9 8 6 4
17 4 3 2 1
14 7 3 2 1
14 6 4 2 1
13 8 3 2 1
13 7 4 2 1
13 6 4 3 1
12 9 3 2 1
12 8 4 2 1
12 7 4 3 1
12 6 4 3 2
11 9 4 2 1
11 8 4 3 1
11 7 6 2 1
11 7 4 3 2
9 8 7 2 1
9 8 6 3 1
9 7 6 4 1
9 7 6 3 2
8 7 6 4 2
11 6 4 3 2 1
9 8 4 3 2 1
8 7 6 3 2 1

28
27 1
26 2
24 4
22 6
21 7
19 9
17 11
16 12
24 3 1
23 4 1
23 3 2
22 4 2
21 6 1
21 4 3
19 8 1
19 7 2
19 6 3
18 9 1
18 8 2
18 7 3
18 6 4
17 9 2
17 8 3
17 7 4
16 11 1
16 9 3
16 8 4
14 13 1
14 12 2
14 11 3
14 8 6
13 12 3
13 11 4
13 9 6
13 8 7
12 9 7
11 9 8
22 3 2 1
21 4 2 1
19 6 2 1
19 4 3 2
18 7 2 1
18 6 3 1
17 8 2 1
17 7 3 1
17 6 4 1
17 6 3 2
16 9 2 1
16 8 3 1
16 7 4 1
16 7 3 2
16 6 4 2
14 11 2 1
14 9 4 1
14 9 3 2
14 8 4 2
14 7 6 1
14 7 4 3
13 12 2 1
13 11 3 1
13 9 4 2
13 8 6 1
13 8 4 3
13 7 6 2
12 11 4 1
12 11 3 2
12 9 6 1
12 9 4 3
12 8 7 1
12 8 6 2
12 7 6 3
11 9 7 1
11 9 6 2
11 8 7 2
11 8 6 3
11 7 6 4
9 8 7 4
18 4 3 2 1
16 6 3 2 1
14 8 3 2 1
14 7 4 2 1
14 6 4 3 1
13 9 3 2 1
13 8 4 2 1
13 7 4 3 1
13 6 4 3 2
12 9 4 2 1
12 8 4 3 1
12 7 6 2 1
12 7 4 3 2
11 9 4 3 1
11 8 6 2 1
11 8 4 3 2
11 7 6 3 1
9 8 7 3 1
9 8 6 4 1
9 8 6 3 2
9 7 6 4 2
8 7 6 4 3
12 6 4 3 2 1
11 7 4 3 2 1
9 7 6 3 2 1
8 7 6 4 2 1

29
28 1
27 2
26 3
23 6
22 7
21 8
18 11
17 12
16 13
26 2 1
24 4 1
24 3 2
23 4 2
22 6 1
22 4 3
21 7 1
21 6 2
19 9 1
19 8 2
19 7 3
19 6 4
18 9 2
18 8 3
18 7 4
17 11 1
17 9 3
17 8 4
16 12 1
16 11 2
16 9 4
16 7 6
14 13 2
14 12 3
14 11 4
14 9 6
14 8 7
13 12 4
13 9 7
12 11 6
12 9 8
23 3 2 1
22 4 2 1
21 4 3 1
19 7 2 1
19 6 3 1
18 8 2 1
18 7 3 1
18 6 4 1
18 6 3 2
17 9 2 1
17 8 3 1
17 7 4 1
17 7 3 2
17 6 4 2
16 9 3 1
16 8 4 1
16 8 3 2
16 7 4 2
16 6 4 3
14 12 2 1
14 11 3 1
14 9 4 2
14 8 6 1
14 8 4 3
14 7 6 2
13 12 3 1
13 11 4 1
13 11 3 2
13 9 6 1
13 9 4 3
13 8 7 1
13 8 6 2
13 7 6 3
12 11 4 2
12 9 7 1
12 9 6 2
12 8 7 2
12 8 6 3
12 7 6 4
11 9 8 1
11 9 7 2
11 9 6 3
11 8 7 3
11 8 6 4
19 4 3 2 1
17 6 3 2 1
16 7 3 2 1
16 6 4 2 1
14 9 3 2 1
14 8 4 2 1
14 7 4 3 1
14 6 4 3 2
13 9 4 2 1
13 8 4 3 1
13 7 6 2 1
13 7 4 3 2
12 11 3 2 1
12 9 4 3 1
12 8 6 2 1
12 8 4 3 2
12 7 6 3 1
11 9 6 2 1
11 9 4 3 2
11 8 7 2 1
11 8 6 3 1
11 7 6 4 1
11 7 6 3 2
9 8 7 4 1
9 8 7 3 2
9 8 6 4 2
9 7 6 4 3
13 6 4 3 2 1
12 7 4 3 2 1
11 8 4 3 2 1
9 8 6 3 2 1
9 7 6 4 2 1
8 7 6 4 3 1

29 1
28 2
27 3
26 4
24 6
23 7
22 8
21 9
19 11
18 12
17 13
16 14
27 2 1
26 3 1
24 4 2
23 6 1
23 4 3
22 7 1
22 6 2
21 8 1
21 7 2
21 6 3
19 9 2
19 8 3
19 7 4
18 11 1
18 9 3
18 8 4
17 12 1
17 11 2
17 9 4
17 7 6
16 13 1
16 12 2
16 11 3
16 8 6
14 13 3
14 12 4
14 9 7
13 11 6
13 9 8
12 11 7
24 3 2 1
23 4 2 1
22 4 3 1
21 6 2 1
21 4 3 2
19 8 2 1
19 7 3 1
19 6 4 1
19 6 3 2
18 9 2 1
18 8 3 1
18 7 4 1
18 7 3 2
18 6 4 2
17 9 3 1
17 8 4 1
17 8 3 2
17 7 4 2
17 6 4 3
16 11 2 1
16 9 4 1
16 9 3 2
16 8 4 2
16 7 6 1
16 7 4 3
14 13 2 1
14 12 3 1
14 11 4 1
14 11 3 2
14 9 6 1
14 9 4 3
14 8 7 1
14 8 6 2
14 7 6 3
13 12 4 1
13 12 3 2
13 11 4 2
13 9 7 1
13 9 6 2
13 8 7 2
13 8 6 3
13 7 6 4
12 11 6 1
12 11 4 3
12 9 8 1
12 9 7 2
12 9 6 3
12 8 7 3
12 8 6 4
11 9 8 2
11 9 7 3
11 9 6 4
11 8 7 4
9 8 7 6
18 6 3 2 1
17 7 3 2 1
17 6 4 2 1
16 8 3 2 1
16 7 4 2 1
16 6 4 3 1
14 9 4 2 1
14 8 4 3 1
14 7 6 2 1
14 7 4 3 2
13 11 3 2 1
13 9 4 3 1
13 8 6 2 1
13 8 4 3 2
13 7 6 3 1
12 11 4 2 1
12 9 6 2 1
12 9 4 3 2
12 8 7 2 1
12 8 6 3 1
12 7 6 4 1
12 7 6 3 2
11 9 7 2 1
11 9 6 3 1
11 8 7 3 1
11 8 6 4 1
11 8 6 3 2
11 7 6 4 2
9 8 7 4 2
9 8 6 4 3
14 6 4 3 2 1
13 7 4 3 2 1
12 8 4 3 2 1
11 9 4 3 2 1
11 7 6 3 2 1
9 8 7 3 2 1
9 8 6 4 2 1
9 7 6 4 3 1
8 7 6 4 3 2

1 1 1 2 2 2 3 4 4 6 7 8 10 12 14 16 19 22 26 30 35 41 47 54 62 70 80 92 104 118 135
0 1 0 1 0 0 0 1 0 1 0 1 0 1 0 0 0 1 0 1 0 1 0 1 0 0 0 1 0 1 0
(mod  10 ): 1 3 7 9
