0


2

3


3 2


7

8

7 2

8 2
7 3

8 3

12
7 3 2

13
8 3 2

12 2

13 2
12 3
8 7

13 3

17
12 3 2
8 7 2

18
13 3 2
8 7 3

17 2
12 7

18 2
17 3
13 7
12 8
8 7 3 2

18 3
13 8
12 7 2

22
17 3 2
13 7 2
12 8 2
12 7 3

23
18 3 2
13 8 2
13 7 3
12 8 3

22 2
17 7
13 8 3
12 7 3 2

23 2
22 3
18 7
17 8
13 12
13 7 3 2
12 8 3 2

23 3
18 8
17 7 2
13 8 3 2

27
22 3 2
18 7 2
17 8 2
17 7 3
13 12 2
12 8 7

28
23 3 2
18 8 2
18 7 3
17 8 3
13 12 3
13 8 7

27 2
22 7
17 12
18 8 3
17 7 3 2
12 8 7 2

28 2
27 3
23 7
22 8
18 12
17 13
18 7 3 2
17 8 3 2
13 12 3 2
13 8 7 2
12 8 7 3

28 3
23 8
18 13
22 7 2
17 12 2
18 8 3 2
13 8 7 3

32
27 3 2
23 7 2
22 8 2
22 7 3
18 12 2
17 13 2
17 12 3
17 8 7
13 12 7
12 8 7 3 2

33
28 3 2
23 8 2
23 7 3
22 8 3
18 13 2
18 12 3
18 8 7
17 13 3
13 12 8
13 8 7 3 2

32 2
27 7
22 12
23 8 3
18 13 3
22 7 3 2
17 12 3 2
17 8 7 2
13 12 7 2

33 2
32 3
28 7
27 8
23 12
22 13
18 17
23 7 3 2
22 8 3 2
18 12 3 2
18 8 7 2
17 13 3 2
17 8 7 3
13 12 8 2
13 12 7 3

33 3
28 8
23 13
27 7 2
22 12 2
17 12 7
23 8 3 2
18 13 3 2
18 8 7 3
13 12 8 3

37
32 3 2
28 7 2
27 8 2
27 7 3
23 12 2
22 13 2
22 12 3
22 8 7
18 17 2
18 12 7
17 13 7
17 12 8
17 8 7 3 2
13 12 7 3 2

38
33 3 2
28 8 2
28 7 3
27 8 3
23 13 2
23 12 3
23 8 7
22 13 3
18 17 3
18 13 7
18 12 8
17 13 8
17 12 7 2
18 8 7 3 2
13 12 8 3 2

37 2
32 7
27 12
22 17
28 8 3
23 13 3
18 13 8
27 7 3 2
22 12 3 2
22 8 7 2
18 12 7 2
17 13 7 2
17 12 8 2
17 12 7 3

38 2
37 3
33 7
32 8
28 12
27 13
23 17
22 18
28 7 3 2
27 8 3 2
23 12 3 2
23 8 7 2
22 13 3 2
22 8 7 3
18 17 3 2
18 13 7 2
18 12 8 2
18 12 7 3
17 13 8 2
17 13 7 3
17 12 8 3
13 12 8 7

38 3
33 8
28 13
23 18
32 7 2
27 12 2
22 17 2
22 12 7
28 8 3 2
23 13 3 2
23 8 7 3
18 13 8 2
18 13 7 3
18 12 8 3
17 13 8 3
17 12 7 3 2

42
37 3 2
33 7 2
32 8 2
32 7 3
28 12 2
27 13 2
27 12 3
27 8 7
23 17 2
23 12 7
22 18 2
22 17 3
22 13 7
22 12 8
18 17 7
17 13 12
18 13 8 3
22 8 7 3 2
18 12 7 3 2
17 13 7 3 2
17 12 8 3 2
13 12 8 7 2

43
38 3 2
33 8 2
33 7 3
32 8 3
28 13 2
28 12 3
28 8 7
27 13 3
23 18 2
23 17 3
23 13 7
23 12 8
22 18 3
22 13 8
18 17 8
18 13 12
22 12 7 2
23 8 7 3 2
18 13 7 3 2
18 12 8 3 2
17 13 8 3 2
13 12 8 7 3

42 2
37 7
32 12
27 17
33 8 3
28 13 3
23 18 3
23 13 8
32 7 3 2
27 12 3 2
27 8 7 2
23 12 7 2
22 17 3 2
22 13 7 2
22 12 8 2
22 12 7 3
18 17 7 2
17 13 12 2
17 12 8 7
18 13 8 3 2

43 2
42 3
38 7
37 8
33 12
32 13
28 17
27 18
23 22
33 7 3 2
32 8 3 2
28 12 3 2
28 8 7 2
27 13 3 2
27 8 7 3
23 17 3 2
23 13 7 2
23 12 8 2
23 12 7 3
22 18 3 2
22 13 8 2
22 13 7 3
22 12 8 3
18 17 8 2
18 17 7 3
18 13 12 2
18 12 8 7
17 13 12 3
17 13 8 7
13 12 8 7 3 2

43 3
38 8
33 13
28 18
37 7 2
32 12 2
27 17 2
27 12 7
22 17 7
33 8 3 2
28 13 3 2
28 8 7 3
23 18 3 2
23 13 8 2
23 13 7 3
23 12 8 3
22 13 8 3
18 17 8 3
18 13 12 3
18 13 8 7
22 12 7 3 2
17 12 8 7 2

47
42 3 2
38 7 2
37 8 2
37 7 3
33 12 2
32 13 2
32 12 3
32 8 7
28 17 2
28 12 7
27 18 2
27 17 3
27 13 7
27 12 8
23 22 2
23 17 7
22 18 7
22 17 8
22 13 12
18 17 12
23 13 8 3
27 8 7 3 2
23 12 7 3 2
22 13 7 3 2
22 12 8 3 2
18 17 7 3 2
18 12 8 7 2
17 13 12 3 2
17 13 8 7 2
17 12 8 7 3

48
43 3 2
38 8 2
38 7 3
37 8 3
33 13 2
33 12 3
33 8 7
32 13 3
28 18 2
28 17 3
28 13 7
28 12 8
27 18 3
27 13 8
23 22 3
23 18 7
23 17 8
23 13 12
22 18 8
18 17 13
27 12 7 2
22 17 7 2
28 8 7 3 2
23 13 7 3 2
23 12 8 3 2
22 13 8 3 2
18 17 8 3 2
18 13 12 3 2
18 13 8 7 2
18 12 8 7 3
17 13 8 7 3

47 2
42 7
37 12
32 17
27 22
38 8 3
33 13 3
28 18 3
28 13 8
23 18 8
37 7 3 2
32 12 3 2
32 8 7 2
28 12 7 2
27 17 3 2
27 13 7 2
27 12 8 2
27 12 7 3
23 17 7 2
22 18 7 2
22 17 8 2
22 17 7 3
22 13 12 2
22 12 8 7
18 17 12 2
17 13 12 7
23 13 8 3 2
18 13 8 7 3
17 12 8 7 3 2

48 2
47 3
43 7
42 8
38 12
37 13
33 17
32 18
28 22
27 23
38 7 3 2
37 8 3 2
33 12 3 2
33 8 7 2
32 13 3 2
32 8 7 3
28 17 3 2
28 13 7 2
28 12 8 2
28 12 7 3
27 18 3 2
27 13 8 2
27 13 7 3
27 12 8 3
23 22 3 2
23 18 7 2
23 17 8 2
23 17 7 3
23 13 12 2
23 12 8 7
22 18 8 2
22 18 7 3
22 17 8 3
22 13 12 3
22 13 8 7
18 17 13 2
18 17 12 3
18 17 8 7
18 13 12 7
17 13 12 8
18 12 8 7 3 2
17 13 8 7 3 2

1 0 1 1 0 1 0 1 1 1 2 1 2 2 1 3 1 3 3 2 5 3 5 5 4 7 4 7 7 6 11 7 11 11 9 15 10 15 16 14 22 16 23 23 20 30 22 31 32 29 42
0 0 1 1 -1 0 -1 1 1 0 0 0 1 1 -1 0 -1 1 1 0 0 0 1 1 -1 0 -1 1 1 0 0 0 1 1 -1 0 -1 1 1 0 0 0 1 1 -1 0 -1 1 1 0 0
(mod  10 ): 2 3 -4 -6 7 8
