1 : 1
2 : 2
3 : 3
4 : 5
5 : 7
6 : 11
7 : 15
8 : 22
9 : 30
10 : 42
11 : 56
12 : 77
13 : 101
14 : 135
15 : 176
16 : 231
17 : 297
18 : 385
19 : 490
20 : 627
21 : 792
22 : 1002
23 : 1255
24 : 1575
25 : 1958
26 : 2436
27 : 3010
28 : 3718
29 : 4565
30 : 5604
31 : 6842
32 : 8349
33 : 10143
34 : 12310
35 : 14883
36 : 17977
37 : 21637
38 : 26015
39 : 31185
40 : 37338
41 : 44583
42 : 53174
43 : 63261
44 : 75175
45 : 89134
46 : 105558
47 : 124754
48 : 147273
49 : 173525
50 : 204226





3 2

3 2 1

4 2 1

4 3 1

4 3 2

6 4
4 3 2 1

6 4 1
6 3 2

7 3 2
6 4 2
6 3 2 1

8 3 2
6 4 3
7 3 2 1
6 4 2 1

9 3 2
7 4 3
8 3 2 1
7 4 2 1
6 4 3 1

8 7
9 3 2 1
8 4 2 1
7 4 3 1
6 4 3 2

11 3 2
8 7 1
7 6 3
9 4 2 1
8 4 3 1
7 4 3 2
6 4 3 2 1

12 3 2
8 7 2
7 6 4
11 3 2 1
9 4 3 1
8 4 3 2
7 6 3 1
7 4 3 2 1

13 3 2
8 7 3
8 6 4
12 3 2 1
11 4 2 1
9 4 3 2
8 7 2 1
7 6 4 1
7 6 3 2
8 4 3 2 1

14 3 2
9 6 4
8 7 4
13 3 2 1
12 4 2 1
11 4 3 1
8 7 3 1
8 6 4 1
8 6 3 2
7 6 4 2
9 4 3 2 1
7 6 3 2 1

11 9
14 3 2 1
13 4 2 1
12 4 3 1
11 4 3 2
9 6 4 1
9 6 3 2
8 7 4 1
8 7 3 2
8 6 4 2
7 6 4 3
8 6 3 2 1
7 6 4 2 1

16 3 2
11 9 1
11 6 4
8 7 6
14 4 2 1
13 4 3 1
12 4 3 2
9 7 3 2
9 6 4 2
8 7 4 2
8 6 4 3
11 4 3 2 1
9 6 3 2 1
8 7 3 2 1
8 6 4 2 1
7 6 4 3 1

17 3 2
12 6 4
11 9 2
9 7 6
16 3 2 1
14 4 3 1
13 4 3 2
11 6 4 1
11 6 3 2
9 8 3 2
9 6 4 3
8 7 6 1
8 7 4 3
12 4 3 2 1
9 7 3 2 1
9 6 4 2 1
8 7 4 2 1
8 6 4 3 1
7 6 4 3 2

18 3 2
13 6 4
11 9 3
9 8 6
17 3 2 1
16 4 2 1
14 4 3 2
12 6 4 1
12 6 3 2
11 9 2 1
11 7 3 2
11 6 4 2
9 7 6 1
9 7 4 3
8 7 6 2
13 4 3 2 1
11 6 3 2 1
9 8 3 2 1
9 7 4 2 1
9 6 4 3 1
8 7 4 3 1
8 6 4 3 2
7 6 4 3 2 1

19 3 2
14 6 4
11 9 4
9 8 7
18 3 2 1
17 4 2 1
16 4 3 1
13 6 4 1
13 6 3 2
12 7 3 2
12 6 4 2
11 9 3 1
11 8 3 2
11 6 4 3
9 8 6 1
9 7 6 2
8 7 6 3
14 4 3 2 1
12 6 3 2 1
11 7 3 2 1
11 6 4 2 1
9 8 4 2 1
9 7 4 3 1
9 6 4 3 2
8 7 6 2 1
8 7 4 3 2
8 6 4 3 2 1

13 12
19 3 2 1
18 4 2 1
17 4 3 1
16 4 3 2
14 6 4 1
14 6 3 2
13 7 3 2
13 6 4 2
12 8 3 2
12 6 4 3
11 9 4 1
11 9 3 2
11 7 4 3
9 8 7 1
9 8 6 2
9 7 6 3
8 7 6 4
13 6 3 2 1
12 7 3 2 1
12 6 4 2 1
11 8 3 2 1
11 7 4 2 1
11 6 4 3 1
9 8 4 3 1
9 7 6 2 1
9 7 4 3 2
8 7 6 3 1
9 6 4 3 2 1
8 7 4 3 2 1

21 3 2
16 6 4
13 12 1
11 9 6
11 8 7
19 4 2 1
18 4 3 1
17 4 3 2
14 7 3 2
14 6 4 2
13 8 3 2
13 6 4 3
12 9 3 2
12 7 4 3
11 9 4 2
9 8 7 2
9 8 6 3
9 7 6 4
16 4 3 2 1
14 6 3 2 1
13 7 3 2 1
13 6 4 2 1
12 8 3 2 1
12 7 4 2 1
12 6 4 3 1
11 9 3 2 1
11 8 4 2 1
11 7 4 3 1
11 6 4 3 2
9 8 6 2 1
9 8 4 3 2
9 7 6 3 1
8 7 6 4 1
8 7 6 3 2
9 7 4 3 2 1

22 3 2
17 6 4
13 12 2
12 8 7
11 9 7
21 3 2 1
19 4 3 1
18 4 3 2
16 6 4 1
16 6 3 2
14 8 3 2
14 6 4 3
13 9 3 2
13 7 4 3
11 9 6 1
11 9 4 3
11 8 7 1
11 7 6 3
9 8 7 3
9 8 6 4
17 4 3 2 1
14 7 3 2 1
14 6 4 2 1
13 8 3 2 1
13 7 4 2 1
13 6 4 3 1
12 9 3 2 1
12 8 4 2 1
12 7 4 3 1
12 6 4 3 2
11 9 4 2 1
11 8 4 3 1
11 7 4 3 2
9 8 7 2 1
9 8 6 3 1
9 7 6 4 1
9 7 6 3 2
8 7 6 4 2
11 6 4 3 2 1
9 8 4 3 2 1
8 7 6 3 2 1

23 3 2
18 6 4
13 12 3
13 8 7
11 9 8
22 3 2 1
21 4 2 1
19 4 3 2
17 6 4 1
17 6 3 2
16 7 3 2
16 6 4 2
14 9 3 2
14 7 4 3
13 12 2 1
12 11 3 2
12 8 7 1
12 7 6 3
11 9 7 1
11 9 6 2
11 8 7 2
11 7 6 4
9 8 7 4
18 4 3 2 1
16 6 3 2 1
14 8 3 2 1
14 7 4 2 1
14 6 4 3 1
13 9 3 2 1
13 8 4 2 1
13 7 4 3 1
13 6 4 3 2
12 9 4 2 1
12 8 4 3 1
12 7 4 3 2
11 9 4 3 1
11 8 4 3 2
11 7 6 3 1
9 8 7 3 1
9 8 6 4 1
9 8 6 3 2
9 7 6 4 2
8 7 6 4 3
12 6 4 3 2 1
11 7 4 3 2 1
9 7 6 3 2 1
8 7 6 4 2 1

24 3 2
19 6 4
14 8 7
13 12 4
12 9 8
23 3 2 1
22 4 2 1
21 4 3 1
18 6 4 1
18 6 3 2
17 7 3 2
17 6 4 2
16 8 3 2
16 6 4 3
13 12 3 1
13 11 3 2
13 8 7 1
13 7 6 3
12 8 7 2
12 7 6 4
11 9 8 1
11 9 7 2
11 9 6 3
11 8 7 3
11 8 6 4
19 4 3 2 1
17 6 3 2 1
16 7 3 2 1
16 6 4 2 1
14 9 3 2 1
14 8 4 2 1
14 7 4 3 1
14 6 4 3 2
13 9 4 2 1
13 8 4 3 1
13 7 4 3 2
12 11 3 2 1
12 9 4 3 1
12 8 4 3 2
12 7 6 3 1
11 9 6 2 1
11 9 4 3 2
11 8 7 2 1
11 7 6 4 1
11 7 6 3 2
9 8 7 4 1
9 8 7 3 2
9 8 6 4 2
9 7 6 4 3
13 6 4 3 2 1
12 7 4 3 2 1
11 8 4 3 2 1
9 8 6 3 2 1
9 7 6 4 2 1
8 7 6 4 3 1

16 14
24 3 2 1
23 4 2 1
22 4 3 1
21 4 3 2
19 6 4 1
19 6 3 2
18 7 3 2
18 6 4 2
17 8 3 2
17 6 4 3
16 9 3 2
16 7 4 3
14 11 3 2
14 8 7 1
14 7 6 3
13 12 4 1
13 12 3 2
13 8 7 2
13 7 6 4
12 9 8 1
12 8 7 3
12 8 6 4
11 9 8 2
11 9 7 3
11 9 6 4
11 8 7 4
9 8 7 6
18 6 3 2 1
17 7 3 2 1
17 6 4 2 1
16 8 3 2 1
16 7 4 2 1
16 6 4 3 1
14 9 4 2 1
14 8 4 3 1
14 7 4 3 2
13 11 3 2 1
13 9 4 3 1
13 8 4 3 2
13 7 6 3 1
12 11 4 2 1
12 9 4 3 2
12 8 7 2 1
12 7 6 4 1
12 7 6 3 2
11 9 7 2 1
11 9 6 3 1
11 8 7 3 1
11 8 6 4 1
11 8 6 3 2
11 7 6 4 2
9 8 7 4 2
9 8 6 4 3
14 6 4 3 2 1
13 7 4 3 2 1
12 8 4 3 2 1
11 9 4 3 2 1
11 7 6 3 2 1
9 8 7 3 2 1
9 8 6 4 2 1
9 7 6 4 3 1
8 7 6 4 3 2

26 3 2
21 6 4
16 14 1
16 8 7
13 12 6
12 11 8
24 4 2 1
23 4 3 1
22 4 3 2
19 7 3 2
19 6 4 2
18 8 3 2
18 6 4 3
17 9 3 2
17 7 4 3
14 12 3 2
14 8 7 2
14 7 6 4
13 12 4 2
13 8 7 3
13 8 6 4
12 9 8 2
12 9 6 4
12 8 7 4
11 9 8 3
11 9 7 4
21 4 3 2 1
19 6 3 2 1
18 7 3 2 1
18 6 4 2 1
17 8 3 2 1
17 7 4 2 1
17 6 4 3 1
16 9 3 2 1
16 8 4 2 1
16 7 4 3 1
16 6 4 3 2
14 11 3 2 1
14 9 4 3 1
14 8 4 3 2
14 7 6 3 1
13 12 3 2 1
13 11 4 2 1
13 9 4 3 2
13 8 7 2 1
13 7 6 4 1
13 7 6 3 2
12 11 4 3 1
12 8 7 3 1
12 8 6 4 1
12 8 6 3 2
12 7 6 4 2
11 9 8 2 1
11 9 7 3 1
11 9 6 4 1
11 9 6 3 2
11 8 7 4 1
11 8 7 3 2
11 8 6 4 2
11 7 6 4 3
9 8 7 6 1
9 8 7 4 3
14 7 4 3 2 1
13 8 4 3 2 1
12 9 4 3 2 1
12 7 6 3 2 1
11 8 6 3 2 1
11 7 6 4 2 1
9 8 7 4 2 1
9 8 6 4 3 1
9 7 6 4 3 2
8 7 6 4 3 2 1

27 3 2
22 6 4
17 8 7
16 14 2
13 12 7
12 11 9
26 3 2 1
24 4 3 1
23 4 3 2
21 6 4 1
21 6 3 2
19 8 3 2
19 6 4 3
18 9 3 2
18 7 4 3
16 11 3 2
16 8 7 1
16 7 6 3
14 13 3 2
14 8 7 3
14 8 6 4
13 12 6 1
13 12 4 3
13 9 6 4
13 8 7 4
12 11 8 1
12 9 8 3
11 9 8 4
11 8 7 6
22 4 3 2 1
19 7 3 2 1
19 6 4 2 1
18 8 3 2 1
18 7 4 2 1
18 6 4 3 1
17 9 3 2 1
17 8 4 2 1
17 7 4 3 1
17 6 4 3 2
16 9 4 2 1
16 8 4 3 1
16 7 4 3 2
14 12 3 2 1
14 11 4 2 1
14 9 4 3 2
14 8 7 2 1
14 7 6 4 1
14 7 6 3 2
13 12 4 2 1
13 11 4 3 1
13 8 7 3 1
13 8 6 4 1
13 8 6 3 2
13 7 6 4 2
12 11 4 3 2
12 9 8 2 1
12 9 6 4 1
12 9 6 3 2
12 8 7 4 1
12 8 7 3 2
12 8 6 4 2
12 7 6 4 3
11 9 8 3 1
11 9 7 4 1
11 9 7 3 2
11 9 6 4 2
11 8 7 4 2
11 8 6 4 3
9 8 7 6 2
16 6 4 3 2 1
14 8 4 3 2 1
13 9 4 3 2 1
13 7 6 3 2 1
12 8 6 3 2 1
12 7 6 4 2 1
11 9 6 3 2 1
11 8 7 3 2 1
11 8 6 4 2 1
11 7 6 4 3 1
9 8 7 4 3 1
9 8 6 4 3 2
9 7 6 4 3 2 1

28 3 2
23 6 4
18 8 7
16 14 3
13 12 8
13 11 9
27 3 2 1
26 4 2 1
24 4 3 2
22 6 4 1
22 6 3 2
21 7 3 2
21 6 4 2
19 9 3 2
19 7 4 3
17 11 3 2
17 8 7 1
17 7 6 3
16 14 2 1
16 12 3 2
16 8 7 2
16 7 6 4
14 9 6 4
14 8 7 4
13 12 7 1
13 12 6 2
12 11 9 1
12 11 8 2
12 11 6 4
12 9 8 4
12 8 7 6
11 9 7 6
23 4 3 2 1
21 6 3 2 1
19 8 3 2 1
19 7 4 2 1
19 6 4 3 1
18 9 3 2 1
18 8 4 2 1
18 7 4 3 1
18 6 4 3 2
17 9 4 2 1
17 8 4 3 1
17 7 4 3 2
16 11 3 2 1
16 9 4 3 1
16 8 4 3 2
16 7 6 3 1
14 13 3 2 1
14 12 4 2 1
14 11 4 3 1
14 8 7 3 1
14 8 6 4 1
14 8 6 3 2
14 7 6 4 2
13 12 4 3 1
13 11 4 3 2
13 9 6 4 1
13 9 6 3 2
13 8 7 4 1
13 8 7 3 2
13 8 6 4 2
13 7 6 4 3
12 9 8 3 1
12 9 7 3 2
12 9 6 4 2
12 8 7 4 2
12 8 6 4 3
11 9 8 4 1
11 9 8 3 2
11 9 7 4 2
11 9 6 4 3
11 8 7 6 1
11 8 7 4 3
9 8 7 6 3
17 6 4 3 2 1
16 7 4 3 2 1
14 9 4 3 2 1
14 7 6 3 2 1
13 8 6 3 2 1
13 7 6 4 2 1
12 11 4 3 2 1
12 9 6 3 2 1
12 8 7 3 2 1
12 8 6 4 2 1
12 7 6 4 3 1
11 9 7 3 2 1
11 9 6 4 2 1
11 8 7 4 2 1
11 8 6 4 3 1
11 7 6 4 3 2
9 8 7 6 2 1
9 8 7 4 3 2
9 8 6 4 3 2 1

29 3 2
24 6 4
19 8 7
16 14 4
14 11 9
13 12 9
28 3 2 1
27 4 2 1
26 4 3 1
23 6 4 1
23 6 3 2
22 7 3 2
22 6 4 2
21 8 3 2
21 6 4 3
18 11 3 2
18 8 7 1
18 7 6 3
17 12 3 2
17 8 7 2
17 7 6 4
16 14 3 1
16 13 3 2
16 8 7 3
16 8 6 4
13 12 8 1
13 12 7 2
13 12 6 3
13 11 9 1
13 11 6 4
13 8 7 6
12 11 9 2
12 11 8 3
12 9 7 6
11 9 8 6
24 4 3 2 1
22 6 3 2 1
21 7 3 2 1
21 6 4 2 1
19 9 3 2 1
19 8 4 2 1
19 7 4 3 1
19 6 4 3 2
18 9 4 2 1
18 8 4 3 1
18 7 4 3 2
17 11 3 2 1
17 9 4 3 1
17 8 4 3 2
17 7 6 3 1
16 12 3 2 1
16 11 4 2 1
16 9 4 3 2
16 8 7 2 1
16 7 6 4 1
16 7 6 3 2
14 13 4 2 1
14 12 4 3 1
14 11 4 3 2
14 9 6 4 1
14 9 6 3 2
14 8 7 4 1
14 8 7 3 2
14 8 6 4 2
14 7 6 4 3
13 12 6 2 1
13 12 4 3 2
13 9 7 3 2
13 9 6 4 2
13 8 7 4 2
13 8 6 4 3
12 11 8 2 1
12 11 6 4 1
12 11 6 3 2
12 9 8 4 1
12 9 8 3 2
12 9 6 4 3
12 8 7 6 1
12 8 7 4 3
11 9 8 4 2
11 9 7 6 1
11 9 7 4 3
11 8 7 6 2
9 8 7 6 4
18 6 4 3 2 1
17 7 4 3 2 1
16 8 4 3 2 1
14 8 6 3 2 1
14 7 6 4 2 1
13 11 4 3 2 1
13 9 6 3 2 1
13 8 7 3 2 1
13 8 6 4 2 1
13 7 6 4 3 1
12 9 7 3 2 1
12 9 6 4 2 1
12 8 7 4 2 1
12 8 6 4 3 1
12 7 6 4 3 2
11 9 8 3 2 1
11 9 7 4 2 1
11 9 6 4 3 1
11 8 7 4 3 1
11 8 6 4 3 2
9 8 7 6 3 1
11 7 6 4 3 2 1
9 8 7 4 3 2 1

18 17
29 3 2 1
28 4 2 1
27 4 3 1
26 4 3 2
24 6 4 1
24 6 3 2
23 7 3 2
23 6 4 2
22 8 3 2
22 6 4 3
21 9 3 2
21 7 4 3
19 11 3 2
19 8 7 1
19 7 6 3
18 12 3 2
18 8 7 2
18 7 6 4
17 13 3 2
17 8 7 3
17 8 6 4
16 14 4 1
16 14 3 2
16 9 6 4
16 8 7 4
14 11 9 1
14 11 6 4
14 8 7 6
13 12 9 1
13 12 8 2
13 12 7 3
13 12 6 4
13 11 9 2
13 9 7 6
12 11 9 3
12 11 8 4
12 9 8 6
11 9 8 7
23 6 3 2 1
22 7 3 2 1
22 6 4 2 1
21 8 3 2 1
21 7 4 2 1
21 6 4 3 1
19 9 4 2 1
19 8 4 3 1
19 7 4 3 2
18 11 3 2 1
18 9 4 3 1
18 8 4 3 2
18 7 6 3 1
17 12 3 2 1
17 11 4 2 1
17 9 4 3 2
17 8 7 2 1
17 7 6 4 1
17 7 6 3 2
16 13 3 2 1
16 12 4 2 1
16 11 4 3 1
16 8 7 3 1
16 8 6 4 1
16 8 6 3 2
16 7 6 4 2
14 13 4 3 1
14 12 4 3 2
14 9 7 3 2
14 9 6 4 2
14 8 7 4 2
14 8 6 4 3
13 12 7 2 1
13 12 6 3 1
13 11 6 4 1
13 11 6 3 2
13 9 8 3 2
13 9 6 4 3
13 8 7 6 1
13 8 7 4 3
12 11 9 2 1
12 11 8 3 1
12 11 7 3 2
12 11 6 4 2
12 9 8 4 2
12 9 7 6 1
12 9 7 4 3
12 8 7 6 2
11 9 8 6 1
11 9 8 4 3
11 9 7 6 2
11 8 7 6 3
19 6 4 3 2 1
18 7 4 3 2 1
17 8 4 3 2 1
16 9 4 3 2 1
16 7 6 3 2 1
14 11 4 3 2 1
14 9 6 3 2 1
14 8 7 3 2 1
14 8 6 4 2 1
14 7 6 4 3 1
13 12 4 3 2 1
13 9 7 3 2 1
13 9 6 4 2 1
13 8 7 4 2 1
13 8 6 4 3 1
13 7 6 4 3 2
12 11 6 3 2 1
12 9 8 3 2 1
12 9 7 4 2 1
12 9 6 4 3 1
12 8 7 4 3 1
12 8 6 4 3 2
11 9 8 4 2 1
11 9 7 4 3 1
11 9 6 4 3 2
11 8 7 6 2 1
11 8 7 4 3 2
9 8 7 6 4 1
9 8 7 6 3 2
12 7 6 4 3 2 1
11 8 6 4 3 2 1

31 3 2
26 6 4
21 8 7
18 17 1
16 14 6
16 11 9
13 12 11
29 4 2 1
28 4 3 1
27 4 3 2
24 7 3 2
24 6 4 2
23 8 3 2
23 6 4 3
22 9 3 2
22 7 4 3
19 12 3 2
19 8 7 2
19 7 6 4
18 13 3 2
18 8 7 3
18 8 6 4
17 14 3 2
17 9 6 4
17 8 7 4
16 14 4 2
14 12 6 4
14 11 9 2
14 9 7 6
13 12 9 2
13 12 8 3
13 12 7 4
13 11 9 3
13 9 8 6
12 11 9 4
12 9 8 7
26 4 3 2 1
24 6 3 2 1
23 7 3 2 1
23 6 4 2 1
22 8 3 2 1
22 7 4 2 1
22 6 4 3 1
21 9 3 2 1
21 8 4 2 1
21 7 4 3 1
21 6 4 3 2
19 11 3 2 1
19 9 4 3 1
19 8 4 3 2
19 7 6 3 1
18 12 3 2 1
18 11 4 2 1
18 9 4 3 2
18 8 7 2 1
18 7 6 4 1
18 7 6 3 2
17 13 3 2 1
17 12 4 2 1
17 11 4 3 1
17 8 7 3 1
17 8 6 4 1
17 8 6 3 2
17 7 6 4 2
16 14 3 2 1
16 13 4 2 1
16 12 4 3 1
16 11 4 3 2
16 9 6 4 1
16 9 6 3 2
16 8 7 4 1
16 8 7 3 2
16 8 6 4 2
16 7 6 4 3
14 13 4 3 2
14 11 6 4 1
14 11 6 3 2
14 9 8 3 2
14 9 6 4 3
14 8 7 6 1
14 8 7 4 3
13 12 8 2 1
13 12 7 3 1
13 12 6 4 1
13 12 6 3 2
13 11 9 2 1
13 11 7 3 2
13 11 6 4 2
13 9 7 6 1
13 9 7 4 3
13 8 7 6 2
12 11 9 3 1
12 11 8 4 1
12 11 8 3 2
12 11 6 4 3
12 9 8 6 1
12 9 8 4 3
12 9 7 6 2
12 8 7 6 3
11 9 8 7 1
11 9 8 6 2
11 9 7 6 3
11 8 7 6 4
19 7 4 3 2 1
18 8 4 3 2 1
17 9 4 3 2 1
17 7 6 3 2 1
16 8 6 3 2 1
16 7 6 4 2 1
14 12 4 3 2 1
14 9 7 3 2 1
14 9 6 4 2 1
14 8 7 4 2 1
14 8 6 4 3 1
14 7 6 4 3 2
13 11 6 3 2 1
13 9 8 3 2 1
13 9 7 4 2 1
13 9 6 4 3 1
13 8 7 4 3 1
13 8 6 4 3 2
12 11 7 3 2 1
12 11 6 4 2 1
12 9 8 4 2 1
12 9 7 4 3 1
12 9 6 4 3 2
12 8 7 6 2 1
12 8 7 4 3 2
11 9 8 4 3 1
11 9 7 6 2 1
11 9 7 4 3 2
11 8 7 6 3 1
9 8 7 6 4 2
13 7 6 4 3 2 1
12 8 6 4 3 2 1
11 9 6 4 3 2 1
11 8 7 4 3 2 1
9 8 7 6 3 2 1

32 3 2
27 6 4
22 8 7
18 17 2
17 11 9
16 14 7
14 12 11
31 3 2 1
29 4 3 1
28 4 3 2
26 6 4 1
26 6 3 2
24 8 3 2
24 6 4 3
23 9 3 2
23 7 4 3
21 11 3 2
21 8 7 1
21 7 6 3
19 13 3 2
19 8 7 3
19 8 6 4
18 14 3 2
18 9 6 4
18 8 7 4
16 14 6 1
16 14 4 3
16 11 9 1
16 11 6 4
16 8 7 6
14 13 6 4
14 11 9 3
14 9 8 6
13 12 11 1
13 12 9 3
13 12 8 4
13 11 9 4
13 9 8 7
12 11 8 6
27 4 3 2 1
24 7 3 2 1
24 6 4 2 1
23 8 3 2 1
23 7 4 2 1
23 6 4 3 1
22 9 3 2 1
22 8 4 2 1
22 7 4 3 1
22 6 4 3 2
21 9 4 2 1
21 8 4 3 1
21 7 4 3 2
19 12 3 2 1
19 11 4 2 1
19 9 4 3 2
19 8 7 2 1
19 7 6 4 1
19 7 6 3 2
18 13 3 2 1
18 12 4 2 1
18 11 4 3 1
18 8 7 3 1
18 8 6 4 1
18 8 6 3 2
18 7 6 4 2
17 14 3 2 1
17 13 4 2 1
17 12 4 3 1
17 11 4 3 2
17 9 6 4 1
17 9 6 3 2
17 8 7 4 1
17 8 7 3 2
17 8 6 4 2
17 7 6 4 3
16 14 4 2 1
16 13 4 3 1
16 12 4 3 2
16 9 7 3 2
16 9 6 4 2
16 8 7 4 2
16 8 6 4 3
14 12 6 4 1
14 12 6 3 2
14 11 9 2 1
14 11 7 3 2
14 11 6 4 2
14 9 7 6 1
14 9 7 4 3
14 8 7 6 2
13 12 9 2 1
13 12 8 3 1
13 12 7 4 1
13 12 7 3 2
13 12 6 4 2
13 11 9 3 1
13 11 8 3 2
13 11 6 4 3
13 9 8 6 1
13 9 7 6 2
13 8 7 6 3
12 11 9 4 1
12 11 9 3 2
12 11 8 4 2
12 11 7 4 3
12 9 8 7 1
12 9 8 6 2
12 9 7 6 3
12 8 7 6 4
11 9 8 7 2
11 9 8 6 3
11 9 7 6 4
21 6 4 3 2 1
19 8 4 3 2 1
18 9 4 3 2 1
18 7 6 3 2 1
17 8 6 3 2 1
17 7 6 4 2 1
16 11 4 3 2 1
16 9 6 3 2 1
16 8 7 3 2 1
16 8 6 4 2 1
16 7 6 4 3 1
14 13 4 3 2 1
14 11 6 3 2 1
14 9 8 3 2 1
14 9 7 4 2 1
14 9 6 4 3 1
14 8 7 4 3 1
14 8 6 4 3 2
13 12 6 3 2 1
13 11 7 3 2 1
13 11 6 4 2 1
13 9 8 4 2 1
13 9 7 4 3 1
13 9 6 4 3 2
13 8 7 6 2 1
13 8 7 4 3 2
12 11 8 3 2 1
12 11 7 4 2 1
12 11 6 4 3 1
12 9 8 4 3 1
12 9 7 6 2 1
12 9 7 4 3 2
12 8 7 6 3 1
11 9 8 6 2 1
11 9 8 4 3 2
11 9 7 6 3 1
11 8 7 6 4 1
11 8 7 6 3 2
9 8 7 6 4 3
14 7 6 4 3 2 1
13 8 6 4 3 2 1
12 9 6 4 3 2 1
12 8 7 4 3 2 1
11 9 7 4 3 2 1
9 8 7 6 4 2 1

33 3 2
28 6 4
23 8 7
18 17 3
18 11 9
16 14 8
14 13 11
32 3 2 1
31 4 2 1
29 4 3 2
27 6 4 1
27 6 3 2
26 7 3 2
26 6 4 2
24 9 3 2
24 7 4 3
22 11 3 2
22 8 7 1
22 7 6 3
21 12 3 2
21 8 7 2
21 7 6 4
19 14 3 2
19 9 6 4
19 8 7 4
18 17 2 1
17 16 3 2
17 11 9 1
17 11 6 4
17 8 7 6
16 14 7 1
16 14 6 2
16 12 6 4
16 11 9 2
16 9 7 6
14 12 11 1
14 11 9 4
14 9 8 7
13 12 11 2
13 12 9 4
13 12 7 6
12 11 9 6
12 11 8 7
28 4 3 2 1
26 6 3 2 1
24 8 3 2 1
24 7 4 2 1
24 6 4 3 1
23 9 3 2 1
23 8 4 2 1
23 7 4 3 1
23 6 4 3 2
22 9 4 2 1
22 8 4 3 1
22 7 4 3 2
21 11 3 2 1
21 9 4 3 1
21 8 4 3 2
21 7 6 3 1
19 13 3 2 1
19 12 4 2 1
19 11 4 3 1
19 8 7 3 1
19 8 6 4 1
19 8 6 3 2
19 7 6 4 2
18 14 3 2 1
18 13 4 2 1
18 12 4 3 1
18 11 4 3 2
18 9 6 4 1
18 9 6 3 2
18 8 7 4 1
18 8 7 3 2
18 8 6 4 2
18 7 6 4 3
17 14 4 2 1
17 13 4 3 1
17 12 4 3 2
17 9 7 3 2
17 9 6 4 2
17 8 7 4 2
17 8 6 4 3
16 14 4 3 1
16 13 4 3 2
16 11 6 4 1
16 11 6 3 2
16 9 8 3 2
16 9 6 4 3
16 8 7 6 1
16 8 7 4 3
14 13 6 4 1
14 13 6 3 2
14 12 7 3 2
14 12 6 4 2
14 11 9 3 1
14 11 8 3 2
14 11 6 4 3
14 9 8 6 1
14 9 7 6 2
14 8 7 6 3
13 12 9 3 1
13 12 8 4 1
13 12 8 3 2
13 12 7 4 2
13 12 6 4 3
13 11 9 4 1
13 11 9 3 2
13 11 7 4 3
13 9 8 7 1
13 9 8 6 2
13 9 7 6 3
13 8 7 6 4
12 11 9 4 2
12 11 8 6 1
12 11 8 4 3
12 9 8 7 2
12 9 8 6 3
12 9 7 6 4
11 9 8 7 3
11 9 8 6 4
22 6 4 3 2 1
21 7 4 3 2 1
19 9 4 3 2 1
19 7 6 3 2 1
18 8 6 3 2 1
18 7 6 4 2 1
17 11 4 3 2 1
17 9 6 3 2 1
17 8 7 3 2 1
17 8 6 4 2 1
17 7 6 4 3 1
16 12 4 3 2 1
16 9 7 3 2 1
16 9 6 4 2 1
16 8 7 4 2 1
16 8 6 4 3 1
16 7 6 4 3 2
14 12 6 3 2 1
14 11 7 3 2 1
14 11 6 4 2 1
14 9 8 4 2 1
14 9 7 4 3 1
14 9 6 4 3 2
14 8 7 6 2 1
14 8 7 4 3 2
13 12 7 3 2 1
13 12 6 4 2 1
13 11 8 3 2 1
13 11 7 4 2 1
13 11 6 4 3 1
13 9 8 4 3 1
13 9 7 6 2 1
13 9 7 4 3 2
13 8 7 6 3 1
12 11 9 3 2 1
12 11 8 4 2 1
12 11 7 4 3 1
12 11 6 4 3 2
12 9 8 6 2 1
12 9 8 4 3 2
12 9 7 6 3 1
12 8 7 6 4 1
12 8 7 6 3 2
11 9 8 7 2 1
11 9 8 6 3 1
11 9 7 6 4 1
11 9 7 6 3 2
11 8 7 6 4 2
14 8 6 4 3 2 1
13 9 6 4 3 2 1
13 8 7 4 3 2 1
12 9 7 4 3 2 1
11 9 8 4 3 2 1
11 8 7 6 3 2 1
9 8 7 6 4 3 1

34 3 2
29 6 4
24 8 7
19 11 9
18 17 4
16 14 9
14 13 12
33 3 2 1
32 4 2 1
31 4 3 1
28 6 4 1
28 6 3 2
27 7 3 2
27 6 4 2
26 8 3 2
26 6 4 3
23 11 3 2
23 8 7 1
23 7 6 3
22 12 3 2
22 8 7 2
22 7 6 4
21 13 3 2
21 8 7 3
21 8 6 4
18 17 3 1
18 16 3 2
18 11 9 1
18 11 6 4
18 8 7 6
17 12 6 4
17 11 9 2
17 9 7 6
16 14 8 1
16 14 7 2
16 14 6 3
16 13 6 4
16 11 9 3
16 9 8 6
14 13 11 1
14 12 11 2
13 12 11 3
13 12 8 6
13 11 9 6
13 11 8 7
12 11 9 7
29 4 3 2 1
27 6 3 2 1
26 7 3 2 1
26 6 4 2 1
24 9 3 2 1
24 8 4 2 1
24 7 4 3 1
24 6 4 3 2
23 9 4 2 1
23 8 4 3 1
23 7 4 3 2
22 11 3 2 1
22 9 4 3 1
22 8 4 3 2
22 7 6 3 1
21 12 3 2 1
21 11 4 2 1
21 9 4 3 2
21 8 7 2 1
21 7 6 4 1
21 7 6 3 2
19 14 3 2 1
19 13 4 2 1
19 12 4 3 1
19 11 4 3 2
19 9 6 4 1
19 9 6 3 2
19 8 7 4 1
19 8 7 3 2
19 8 6 4 2
19 7 6 4 3
18 14 4 2 1
18 13 4 3 1
18 12 4 3 2
18 9 7 3 2
18 9 6 4 2
18 8 7 4 2
18 8 6 4 3
17 16 3 2 1
17 14 4 3 1
17 13 4 3 2
17 11 6 4 1
17 11 6 3 2
17 9 8 3 2
17 9 6 4 3
17 8 7 6 1
17 8 7 4 3
16 14 6 2 1
16 14 4 3 2
16 12 6 4 1
16 12 6 3 2
16 11 9 2 1
16 11 7 3 2
16 11 6 4 2
16 9 7 6 1
16 9 7 4 3
16 8 7 6 2
14 13 7 3 2
14 13 6 4 2
14 12 8 3 2
14 12 6 4 3
14 11 9 4 1
14 11 9 3 2
14 11 7 4 3
14 9 8 7 1
14 9 8 6 2
14 9 7 6 3
14 8 7 6 4
13 12 11 2 1
13 12 9 4 1
13 12 9 3 2
13 12 8 4 2
13 12 7 6 1
13 12 7 4 3
13 11 9 4 2
13 9 8 7 2
13 9 8 6 3
13 9 7 6 4
12 11 9 6 1
12 11 9 4 3
12 11 8 7 1
12 11 8 6 2
12 11 7 6 3
12 9 8 7 3
12 9 8 6 4
11 9 8 7 4
23 6 4 3 2 1
22 7 4 3 2 1
21 8 4 3 2 1
19 8 6 3 2 1
19 7 6 4 2 1
18 11 4 3 2 1
18 9 6 3 2 1
18 8 7 3 2 1
18 8 6 4 2 1
18 7 6 4 3 1
17 12 4 3 2 1
17 9 7 3 2 1
17 9 6 4 2 1
17 8 7 4 2 1
17 8 6 4 3 1
17 7 6 4 3 2
16 13 4 3 2 1
16 11 6 3 2 1
16 9 8 3 2 1
16 9 7 4 2 1
16 9 6 4 3 1
16 8 7 4 3 1
16 8 6 4 3 2
14 13 6 3 2 1
14 12 7 3 2 1
14 12 6 4 2 1
14 11 8 3 2 1
14 11 7 4 2 1
14 11 6 4 3 1
14 9 8 4 3 1
14 9 7 6 2 1
14 9 7 4 3 2
14 8 7 6 3 1
13 12 8 3 2 1
13 12 7 4 2 1
13 12 6 4 3 1
13 11 9 3 2 1
13 11 8 4 2 1
13 11 7 4 3 1
13 11 6 4 3 2
13 9 8 6 2 1
13 9 8 4 3 2
13 9 7 6 3 1
13 8 7 6 4 1
13 8 7 6 3 2
12 11 9 4 2 1
12 11 8 4 3 1
12 11 7 4 3 2
12 9 8 7 2 1
12 9 8 6 3 1
12 9 7 6 4 1
12 9 7 6 3 2
12 8 7 6 4 2
11 9 8 7 3 1
11 9 8 6 4 1
11 9 8 6 3 2
11 9 7 6 4 2
11 8 7 6 4 3
16 7 6 4 3 2 1
14 9 6 4 3 2 1
14 8 7 4 3 2 1
13 9 7 4 3 2 1
12 11 6 4 3 2 1
12 9 8 4 3 2 1
12 8 7 6 3 2 1
11 9 7 6 3 2 1
11 8 7 6 4 2 1
9 8 7 6 4 3 2

21 19
34 3 2 1
33 4 2 1
32 4 3 1
31 4 3 2
29 6 4 1
29 6 3 2
28 7 3 2
28 6 4 2
27 8 3 2
27 6 4 3
26 9 3 2
26 7 4 3
24 11 3 2
24 8 7 1
24 7 6 3
23 12 3 2
23 8 7 2
23 7 6 4
22 13 3 2
22 8 7 3
22 8 6 4
21 14 3 2
21 9 6 4
21 8 7 4
19 16 3 2
19 11 9 1
19 11 6 4
19 8 7 6
18 17 4 1
18 17 3 2
18 12 6 4
18 11 9 2
18 9 7 6
17 13 6 4
17 11 9 3
17 9 8 6
16 14 9 1
16 14 8 2
16 14 7 3
16 14 6 4
16 11 9 4
16 9 8 7
14 13 12 1
14 13 11 2
14 12 11 3
14 11 9 6
14 11 8 7
13 12 11 4
13 12 9 6
13 12 8 7
13 11 9 7
12 11 9 8
28 6 3 2 1
27 7 3 2 1
27 6 4 2 1
26 8 3 2 1
26 7 4 2 1
26 6 4 3 1
24 9 4 2 1
24 8 4 3 1
24 7 4 3 2
23 11 3 2 1
23 9 4 3 1
23 8 4 3 2
23 7 6 3 1
22 12 3 2 1
22 11 4 2 1
22 9 4 3 2
22 8 7 2 1
22 7 6 4 1
22 7 6 3 2
21 13 3 2 1
21 12 4 2 1
21 11 4 3 1
21 8 7 3 1
21 8 6 4 1
21 8 6 3 2
21 7 6 4 2
19 14 4 2 1
19 13 4 3 1
19 12 4 3 2
19 9 7 3 2
19 9 6 4 2
19 8 7 4 2
19 8 6 4 3
18 16 3 2 1
18 14 4 3 1
18 13 4 3 2
18 11 6 4 1
18 11 6 3 2
18 9 8 3 2
18 9 6 4 3
18 8 7 6 1
18 8 7 4 3
17 16 4 2 1
17 14 4 3 2
17 12 6 4 1
17 12 6 3 2
17 11 9 2 1
17 11 7 3 2
17 11 6 4 2
17 9 7 6 1
17 9 7 4 3
17 8 7 6 2
16 14 7 2 1
16 14 6 3 1
16 13 6 4 1
16 13 6 3 2
16 12 7 3 2
16 12 6 4 2
16 11 9 3 1
16 11 8 3 2
16 11 6 4 3
16 9 8 6 1
16 9 7 6 2
16 8 7 6 3
14 13 8 3 2
14 13 6 4 3
14 12 11 2 1
14 12 9 3 2
14 12 7 4 3
14 11 9 4 2
14 9 8 7 2
14 9 8 6 3
14 9 7 6 4
13 12 11 3 1
13 12 9 4 2
13 12 8 6 1
13 12 8 4 3
13 12 7 6 2
13 11 9 6 1
13 11 9 4 3
13 11 8 7 1
13 11 7 6 3
13 9 8 7 3
13 9 8 6 4
12 11 9 7 1
12 11 9 6 2
12 11 8 7 2
12 11 8 6 3
12 11 7 6 4
12 9 8 7 4
24 6 4 3 2 1
23 7 4 3 2 1
22 8 4 3 2 1
21 9 4 3 2 1
21 7 6 3 2 1
19 11 4 3 2 1
19 9 6 3 2 1
19 8 7 3 2 1
19 8 6 4 2 1
19 7 6 4 3 1
18 12 4 3 2 1
18 9 7 3 2 1
18 9 6 4 2 1
18 8 7 4 2 1
18 8 6 4 3 1
18 7 6 4 3 2
17 13 4 3 2 1
17 11 6 3 2 1
17 9 8 3 2 1
17 9 7 4 2 1
17 9 6 4 3 1
17 8 7 4 3 1
17 8 6 4 3 2
16 14 4 3 2 1
16 12 6 3 2 1
16 11 7 3 2 1
16 11 6 4 2 1
16 9 8 4 2 1
16 9 7 4 3 1
16 9 6 4 3 2
16 8 7 6 2 1
16 8 7 4 3 2
14 13 7 3 2 1
14 13 6 4 2 1
14 12 8 3 2 1
14 12 7 4 2 1
14 12 6 4 3 1
14 11 9 3 2 1
14 11 8 4 2 1
14 11 7 4 3 1
14 11 6 4 3 2
14 9 8 6 2 1
14 9 8 4 3 2
14 9 7 6 3 1
14 8 7 6 4 1
14 8 7 6 3 2
13 12 9 3 2 1
13 12 8 4 2 1
13 12 7 4 3 1
13 12 6 4 3 2
13 11 9 4 2 1
13 11 8 4 3 1
13 11 7 4 3 2
13 9 8 7 2 1
13 9 8 6 3 1
13 9 7 6 4 1
13 9 7 6 3 2
13 8 7 6 4 2
12 11 9 4 3 1
12 11 8 6 2 1
12 11 8 4 3 2
12 11 7 6 3 1
12 9 8 7 3 1
12 9 8 6 4 1
12 9 8 6 3 2
12 9 7 6 4 2
12 8 7 6 4 3
11 9 8 7 4 1
11 9 8 7 3 2
11 9 8 6 4 2
11 9 7 6 4 3
17 7 6 4 3 2 1
16 8 6 4 3 2 1
14 9 7 4 3 2 1
13 11 6 4 3 2 1
13 9 8 4 3 2 1
13 8 7 6 3 2 1
12 11 7 4 3 2 1
12 9 7 6 3 2 1
12 8 7 6 4 2 1
11 9 8 6 3 2 1
11 9 7 6 4 2 1
11 8 7 6 4 3 1
9 8 7 6 4 3 2 1

36 3 2
31 6 4
26 8 7
21 19 1
21 11 9
18 17 6
16 14 11
16 13 12
34 4 2 1
33 4 3 1
32 4 3 2
29 7 3 2
29 6 4 2
28 8 3 2
28 6 4 3
27 9 3 2
27 7 4 3
24 12 3 2
24 8 7 2
24 7 6 4
23 13 3 2
23 8 7 3
23 8 6 4
22 14 3 2
22 9 6 4
22 8 7 4
19 17 3 2
19 12 6 4
19 11 9 2
19 9 7 6
18 17 4 2
18 13 6 4
18 11 9 3
18 9 8 6
17 14 6 4
17 11 9 4
17 9 8 7
16 14 9 2
16 14 8 3
16 14 7 4
14 13 12 2
14 13 11 3
14 12 11 4
14 12 8 7
14 11 9 7
13 12 9 7
13 11 9 8
31 4 3 2 1
29 6 3 2 1
28 7 3 2 1
28 6 4 2 1
27 8 3 2 1
27 7 4 2 1
27 6 4 3 1
26 9 3 2 1
26 8 4 2 1
26 7 4 3 1
26 6 4 3 2
24 11 3 2 1
24 9 4 3 1
24 8 4 3 2
24 7 6 3 1
23 12 3 2 1
23 11 4 2 1
23 9 4 3 2
23 8 7 2 1
23 7 6 4 1
23 7 6 3 2
22 13 3 2 1
22 12 4 2 1
22 11 4 3 1
22 8 7 3 1
22 8 6 4 1
22 8 6 3 2
22 7 6 4 2
21 14 3 2 1
21 13 4 2 1
21 12 4 3 1
21 11 4 3 2
21 9 6 4 1
21 9 6 3 2
21 8 7 4 1
21 8 7 3 2
21 8 6 4 2
21 7 6 4 3
19 16 3 2 1
19 14 4 3 1
19 13 4 3 2
19 11 6 4 1
19 11 6 3 2
19 9 8 3 2
19 9 6 4 3
19 8 7 6 1
19 8 7 4 3
18 17 3 2 1
18 16 4 2 1
18 14 4 3 2
18 12 6 4 1
18 12 6 3 2
18 11 9 2 1
18 11 7 3 2
18 11 6 4 2
18 9 7 6 1
18 9 7 4 3
18 8 7 6 2
17 16 4 3 1
17 13 6 4 1
17 13 6 3 2
17 12 7 3 2
17 12 6 4 2
17 11 9 3 1
17 11 8 3 2
17 11 6 4 3
17 9 8 6 1
17 9 7 6 2
17 8 7 6 3
16 14 8 2 1
16 14 7 3 1
16 14 6 4 1
16 14 6 3 2
16 13 7 3 2
16 13 6 4 2
16 12 8 3 2
16 12 6 4 3
16 11 9 4 1
16 11 9 3 2
16 11 7 4 3
16 9 8 7 1
16 9 8 6 2
16 9 7 6 3
16 8 7 6 4
14 13 11 2 1
14 13 9 3 2
14 13 7 4 3
14 12 11 3 1
14 11 9 6 1
14 11 9 4 3
14 11 8 7 1
14 11 7 6 3
14 9 8 7 3
14 9 8 6 4
13 12 11 4 1
13 12 11 3 2
13 12 9 6 1
13 12 9 4 3
13 12 8 7 1
13 12 8 6 2
13 12 7 6 3
13 11 9 7 1
13 11 9 6 2
13 11 8 7 2
13 11 7 6 4
13 9 8 7 4
12 11 9 8 1
12 11 9 7 2
12 11 9 6 3
12 11 8 7 3
12 11 8 6 4
11 9 8 7 6
24 7 4 3 2 1
23 8 4 3 2 1
22 9 4 3 2 1
22 7 6 3 2 1
21 8 6 3 2 1
21 7 6 4 2 1
19 12 4 3 2 1
19 9 7 3 2 1
19 9 6 4 2 1
19 8 7 4 2 1
19 8 6 4 3 1
19 7 6 4 3 2
18 13 4 3 2 1
18 11 6 3 2 1
18 9 8 3 2 1
18 9 7 4 2 1
18 9 6 4 3 1
18 8 7 4 3 1
18 8 6 4 3 2
17 14 4 3 2 1
17 12 6 3 2 1
17 11 7 3 2 1
17 11 6 4 2 1
17 9 8 4 2 1
17 9 7 4 3 1
17 9 6 4 3 2
17 8 7 6 2 1
17 8 7 4 3 2
16 13 6 3 2 1
16 12 7 3 2 1
16 12 6 4 2 1
16 11 8 3 2 1
16 11 7 4 2 1
16 11 6 4 3 1
16 9 8 4 3 1
16 9 7 6 2 1
16 9 7 4 3 2
16 8 7 6 3 1
14 13 8 3 2 1
14 13 7 4 2 1
14 13 6 4 3 1
14 12 9 3 2 1
14 12 8 4 2 1
14 12 7 4 3 1
14 12 6 4 3 2
14 11 9 4 2 1
14 11 8 4 3 1
14 11 7 4 3 2
14 9 8 7 2 1
14 9 8 6 3 1
14 9 7 6 4 1
14 9 7 6 3 2
14 8 7 6 4 2
13 12 9 4 2 1
13 12 8 4 3 1
13 12 7 6 2 1
13 12 7 4 3 2
13 11 9 4 3 1
13 11 8 4 3 2
13 11 7 6 3 1
13 9 8 7 3 1
13 9 8 6 4 1
13 9 8 6 3 2
13 9 7 6 4 2
13 8 7 6 4 3
12 11 9 6 2 1
12 11 9 4 3 2
12 11 8 7 2 1
12 11 8 6 3 1
12 11 7 6 4 1
12 11 7 6 3 2
12 9 8 7 4 1
12 9 8 7 3 2
12 9 8 6 4 2
12 9 7 6 4 3
11 9 8 7 4 2
11 9 8 6 4 3
18 7 6 4 3 2 1
17 8 6 4 3 2 1
16 9 6 4 3 2 1
16 8 7 4 3 2 1
14 11 6 4 3 2 1
14 9 8 4 3 2 1
14 8 7 6 3 2 1
13 12 6 4 3 2 1
13 11 7 4 3 2 1
13 9 7 6 3 2 1
13 8 7 6 4 2 1
12 11 8 4 3 2 1
12 9 8 6 3 2 1
12 9 7 6 4 2 1
12 8 7 6 4 3 1
11 9 8 7 3 2 1
11 9 8 6 4 2 1
11 9 7 6 4 3 1
11 8 7 6 4 3 2

37 3 2
32 6 4
27 8 7
22 11 9
21 19 2
18 17 7
17 13 12
16 14 12
36 3 2 1
34 4 3 1
33 4 3 2
31 6 4 1
31 6 3 2
29 8 3 2
29 6 4 3
28 9 3 2
28 7 4 3
26 11 3 2
26 8 7 1
26 7 6 3
24 13 3 2
24 8 7 3
24 8 6 4
23 14 3 2
23 9 6 4
23 8 7 4
21 16 3 2
21 11 9 1
21 11 6 4
21 8 7 6
19 18 3 2
19 13 6 4
19 11 9 3
19 9 8 6
18 17 6 1
18 17 4 3
18 14 6 4
18 11 9 4
18 9 8 7
16 14 11 1
16 14 9 3
16 14 8 4
16 13 12 1
16 11 9 6
16 11 8 7
14 13 12 3
14 13 11 4
14 13 8 7
14 11 9 8
13 12 11 6
13 12 9 8
32 4 3 2 1
29 7 3 2 1
29 6 4 2 1
28 8 3 2 1
28 7 4 2 1
28 6 4 3 1
27 9 3 2 1
27 8 4 2 1
27 7 4 3 1
27 6 4 3 2
26 9 4 2 1
26 8 4 3 1
26 7 4 3 2
24 12 3 2 1
24 11 4 2 1
24 9 4 3 2
24 8 7 2 1
24 7 6 4 1
24 7 6 3 2
23 13 3 2 1
23 12 4 2 1
23 11 4 3 1
23 8 7 3 1
23 8 6 4 1
23 8 6 3 2
23 7 6 4 2
22 14 3 2 1
22 13 4 2 1
22 12 4 3 1
22 11 4 3 2
22 9 6 4 1
22 9 6 3 2
22 8 7 4 1
22 8 7 3 2
22 8 6 4 2
22 7 6 4 3
21 14 4 2 1
21 13 4 3 1
21 12 4 3 2
21 9 7 3 2
21 9 6 4 2
21 8 7 4 2
21 8 6 4 3
19 17 3 2 1
19 16 4 2 1
19 14 4 3 2
19 12 6 4 1
19 12 6 3 2
19 11 9 2 1
19 11 7 3 2
19 11 6 4 2
19 9 7 6 1
19 9 7 4 3
19 8 7 6 2
18 17 4 2 1
18 16 4 3 1
18 13 6 4 1
18 13 6 3 2
18 12 7 3 2
18 12 6 4 2
18 11 9 3 1
18 11 8 3 2
18 11 6 4 3
18 9 8 6 1
18 9 7 6 2
18 8 7 6 3
17 16 4 3 2
17 14 6 4 1
17 14 6 3 2
17 13 7 3 2
17 13 6 4 2
17 12 8 3 2
17 12 6 4 3
17 11 9 4 1
17 11 9 3 2
17 11 7 4 3
17 9 8 7 1
17 9 8 6 2
17 9 7 6 3
17 8 7 6 4
16 14 9 2 1
16 14 8 3 1
16 14 7 4 1
16 14 7 3 2
16 14 6 4 2
16 13 8 3 2
16 13 6 4 3
16 12 9 3 2
16 12 7 4 3
16 11 9 4 2
16 9 8 7 2
16 9 8 6 3
16 9 7 6 4
14 13 12 2 1
14 13 11 3 1
14 12 11 4 1
14 12 11 3 2
14 12 8 7 1
14 12 7 6 3
14 11 9 7 1
14 11 9 6 2
14 11 8 7 2
14 11 7 6 4
14 9 8 7 4
13 12 11 4 2
13 12 9 7 1
13 12 9 6 2
13 12 8 7 2
13 12 8 6 3
13 12 7 6 4
13 11 9 8 1
13 11 9 7 2
13 11 9 6 3
13 11 8 7 3
13 11 8 6 4
12 11 9 8 2
12 11 9 7 3
12 11 9 6 4
12 11 8 7 4
12 9 8 7 6
26 6 4 3 2 1
24 8 4 3 2 1
23 9 4 3 2 1
23 7 6 3 2 1
22 8 6 3 2 1
22 7 6 4 2 1
21 11 4 3 2 1
21 9 6 3 2 1
21 8 7 3 2 1
21 8 6 4 2 1
21 7 6 4 3 1
19 13 4 3 2 1
19 11 6 3 2 1
19 9 8 3 2 1
19 9 7 4 2 1
19 9 6 4 3 1
19 8 7 4 3 1
19 8 6 4 3 2
18 14 4 3 2 1
18 12 6 3 2 1
18 11 7 3 2 1
18 11 6 4 2 1
18 9 8 4 2 1
18 9 7 4 3 1
18 9 6 4 3 2
18 8 7 6 2 1
18 8 7 4 3 2
17 13 6 3 2 1
17 12 7 3 2 1
17 12 6 4 2 1
17 11 8 3 2 1
17 11 7 4 2 1
17 11 6 4 3 1
17 9 8 4 3 1
17 9 7 6 2 1
17 9 7 4 3 2
17 8 7 6 3 1
16 14 6 3 2 1
16 13 7 3 2 1
16 13 6 4 2 1
16 12 8 3 2 1
16 12 7 4 2 1
16 12 6 4 3 1
16 11 9 3 2 1
16 11 8 4 2 1
16 11 7 4 3 1
16 11 6 4 3 2
16 9 8 6 2 1
16 9 8 4 3 2
16 9 7 6 3 1
16 8 7 6 4 1
16 8 7 6 3 2
14 13 9 3 2 1
14 13 8 4 2 1
14 13 7 4 3 1
14 13 6 4 3 2
14 12 9 4 2 1
14 12 8 4 3 1
14 12 7 4 3 2
14 11 9 4 3 1
14 11 8 4 3 2
14 11 7 6 3 1
14 9 8 7 3 1
14 9 8 6 4 1
14 9 8 6 3 2
14 9 7 6 4 2
14 8 7 6 4 3
13 12 11 3 2 1
13 12 9 4 3 1
13 12 8 6 2 1
13 12 8 4 3 2
13 12 7 6 3 1
13 11 9 6 2 1
13 11 9 4 3 2
13 11 8 7 2 1
13 11 7 6 4 1
13 11 7 6 3 2
13 9 8 7 4 1
13 9 8 7 3 2
13 9 8 6 4 2
13 9 7 6 4 3
12 11 9 7 2 1
12 11 9 6 3 1
12 11 8 7 3 1
12 11 8 6 4 1
12 11 8 6 3 2
12 11 7 6 4 2
12 9 8 7 4 2
12 9 8 6 4 3
11 9 8 7 6 1
11 9 8 7 4 3
19 7 6 4 3 2 1
18 8 6 4 3 2 1
17 9 6 4 3 2 1
17 8 7 4 3 2 1
16 9 7 4 3 2 1
14 12 6 4 3 2 1
14 11 7 4 3 2 1
14 9 7 6 3 2 1
14 8 7 6 4 2 1
13 12 7 4 3 2 1
13 11 8 4 3 2 1
13 9 8 6 3 2 1
13 9 7 6 4 2 1
13 8 7 6 4 3 1
12 11 9 4 3 2 1
12 11 7 6 3 2 1
12 9 8 7 3 2 1
12 9 8 6 4 2 1
12 9 7 6 4 3 1
12 8 7 6 4 3 2
11 9 8 7 4 2 1
11 9 8 6 4 3 1
11 9 7 6 4 3 2
11 8 7 6 4 3 2 1

38 3 2
33 6 4
28 8 7
23 11 9
21 19 3
18 17 8
18 13 12
16 14 13
37 3 2 1
36 4 2 1
34 4 3 2
32 6 4 1
32 6 3 2
31 7 3 2
31 6 4 2
29 9 3 2
29 7 4 3
27 11 3 2
27 8 7 1
27 7 6 3
26 12 3 2
26 8 7 2
26 7 6 4
24 14 3 2
24 9 6 4
24 8 7 4
22 16 3 2
22 11 9 1
22 11 6 4
22 8 7 6
21 19 2 1
21 17 3 2
21 12 6 4
21 11 9 2
21 9 7 6
19 14 6 4
19 11 9 4
19 9 8 7
18 17 7 1
18 17 6 2
17 16 6 4
17 13 12 1
17 11 9 6
17 11 8 7
16 14 12 1
16 14 11 2
16 14 9 4
16 14 7 6
16 13 12 2
16 12 8 7
16 11 9 7
14 13 12 4
14 12 11 6
14 12 9 8
13 12 11 7
33 4 3 2 1
31 6 3 2 1
29 8 3 2 1
29 7 4 2 1
29 6 4 3 1
28 9 3 2 1
28 8 4 2 1
28 7 4 3 1
28 6 4 3 2
27 9 4 2 1
27 8 4 3 1
27 7 4 3 2
26 11 3 2 1
26 9 4 3 1
26 8 4 3 2
26 7 6 3 1
24 13 3 2 1
24 12 4 2 1
24 11 4 3 1
24 8 7 3 1
24 8 6 4 1
24 8 6 3 2
24 7 6 4 2
23 14 3 2 1
23 13 4 2 1
23 12 4 3 1
23 11 4 3 2
23 9 6 4 1
23 9 6 3 2
23 8 7 4 1
23 8 7 3 2
23 8 6 4 2
23 7 6 4 3
22 14 4 2 1
22 13 4 3 1
22 12 4 3 2
22 9 7 3 2
22 9 6 4 2
22 8 7 4 2
22 8 6 4 3
21 16 3 2 1
21 14 4 3 1
21 13 4 3 2
21 11 6 4 1
21 11 6 3 2
21 9 8 3 2
21 9 6 4 3
21 8 7 6 1
21 8 7 4 3
19 18 3 2 1
19 17 4 2 1
19 16 4 3 1
19 13 6 4 1
19 13 6 3 2
19 12 7 3 2
19 12 6 4 2
19 11 9 3 1
19 11 8 3 2
19 11 6 4 3
19 9 8 6 1
19 9 7 6 2
19 8 7 6 3
18 17 4 3 1
18 16 4 3 2
18 14 6 4 1
18 14 6 3 2
18 13 7 3 2
18 13 6 4 2
18 12 8 3 2
18 12 6 4 3
18 11 9 4 1
18 11 9 3 2
18 11 7 4 3
18 9 8 7 1
18 9 8 6 2
18 9 7 6 3
18 8 7 6 4
17 14 7 3 2
17 14 6 4 2
17 13 8 3 2
17 13 6 4 3
17 12 9 3 2
17 12 7 4 3
17 11 9 4 2
17 9 8 7 2
17 9 8 6 3
17 9 7 6 4
16 14 9 3 1
16 14 8 4 1
16 14 8 3 2
16 14 7 4 2
16 14 6 4 3
16 13 9 3 2
16 13 7 4 3
16 11 9 6 1
16 11 9 4 3
16 11 8 7 1
16 11 7 6 3
16 9 8 7 3
16 9 8 6 4
14 13 12 3 1
14 13 11 4 1
14 13 11 3 2
14 13 8 7 1
14 13 7 6 3
14 12 11 4 2
14 12 8 7 2
14 12 7 6 4
14 11 9 8 1
14 11 9 7 2
14 11 9 6 3
14 11 8 7 3
14 11 8 6 4
13 12 11 6 1
13 12 11 4 3
13 12 9 8 1
13 12 9 7 2
13 12 9 6 3
13 12 8 7 3
13 12 8 6 4
13 11 9 8 2
13 11 9 7 3
13 11 9 6 4
13 11 8 7 4
13 9 8 7 6
12 11 9 8 3
12 11 9 7 4
27 6 4 3 2 1
26 7 4 3 2 1
24 9 4 3 2 1
24 7 6 3 2 1
23 8 6 3 2 1
23 7 6 4 2 1
22 11 4 3 2 1
22 9 6 3 2 1
22 8 7 3 2 1
22 8 6 4 2 1
22 7 6 4 3 1
21 12 4 3 2 1
21 9 7 3 2 1
21 9 6 4 2 1
21 8 7 4 2 1
21 8 6 4 3 1
21 7 6 4 3 2
19 14 4 3 2 1
19 12 6 3 2 1
19 11 7 3 2 1
19 11 6 4 2 1
19 9 8 4 2 1
19 9 7 4 3 1
19 9 6 4 3 2
19 8 7 6 2 1
19 8 7 4 3 2
18 13 6 3 2 1
18 12 7 3 2 1
18 12 6 4 2 1
18 11 8 3 2 1
18 11 7 4 2 1
18 11 6 4 3 1
18 9 8 4 3 1
18 9 7 6 2 1
18 9 7 4 3 2
18 8 7 6 3 1
17 16 4 3 2 1
17 14 6 3 2 1
17 13 7 3 2 1
17 13 6 4 2 1
17 12 8 3 2 1
17 12 7 4 2 1
17 12 6 4 3 1
17 11 9 3 2 1
17 11 8 4 2 1
17 11 7 4 3 1
17 11 6 4 3 2
17 9 8 6 2 1
17 9 8 4 3 2
17 9 7 6 3 1
17 8 7 6 4 1
17 8 7 6 3 2
16 14 7 3 2 1
16 14 6 4 2 1
16 13 8 3 2 1
16 13 7 4 2 1
16 13 6 4 3 1
16 12 9 3 2 1
16 12 8 4 2 1
16 12 7 4 3 1
16 12 6 4 3 2
16 11 9 4 2 1
16 11 8 4 3 1
16 11 7 4 3 2
16 9 8 7 2 1
16 9 8 6 3 1
16 9 7 6 4 1
16 9 7 6 3 2
16 8 7 6 4 2
14 13 9 4 2 1
14 13 8 4 3 1
14 13 7 4 3 2
14 12 11 3 2 1
14 12 9 4 3 1
14 12 8 4 3 2
14 12 7 6 3 1
14 11 9 6 2 1
14 11 9 4 3 2
14 11 8 7 2 1
14 11 7 6 4 1
14 11 7 6 3 2
14 9 8 7 4 1
14 9 8 7 3 2
14 9 8 6 4 2
14 9 7 6 4 3
13 12 11 4 2 1
13 12 9 6 2 1
13 12 9 4 3 2
13 12 8 7 2 1
13 12 8 6 3 1
13 12 7 6 4 1
13 12 7 6 3 2
13 11 9 7 2 1
13 11 9 6 3 1
13 11 8 7 3 1
13 11 8 6 4 1
13 11 8 6 3 2
13 11 7 6 4 2
13 9 8 7 4 2
13 9 8 6 4 3
12 11 9 8 2 1
12 11 9 7 3 1
12 11 9 6 4 1
12 11 9 6 3 2
12 11 8 7 4 1
12 11 8 7 3 2
12 11 8 6 4 2
12 11 7 6 4 3
12 9 8 7 6 1
12 9 8 7 4 3
11 9 8 7 6 2
19 8 6 4 3 2 1
18 9 6 4 3 2 1
18 8 7 4 3 2 1
17 9 7 4 3 2 1
16 11 6 4 3 2 1
16 9 8 4 3 2 1
16 8 7 6 3 2 1
14 13 6 4 3 2 1
14 12 7 4 3 2 1
14 11 8 4 3 2 1
14 9 8 6 3 2 1
14 9 7 6 4 2 1
14 8 7 6 4 3 1
13 12 8 4 3 2 1
13 11 9 4 3 2 1
13 11 7 6 3 2 1
13 9 8 7 3 2 1
13 9 8 6 4 2 1
13 9 7 6 4 3 1
13 8 7 6 4 3 2
12 11 8 6 3 2 1
12 11 7 6 4 2 1
12 9 8 7 4 2 1
12 9 8 6 4 3 1
12 9 7 6 4 3 2
11 9 8 7 4 3 1
11 9 8 6 4 3 2
12 8 7 6 4 3 2 1
11 9 7 6 4 3 2 1

39 3 2
34 6 4
29 8 7
24 11 9
21 19 4
19 13 12
18 17 9
17 14 13
38 3 2 1
37 4 2 1
36 4 3 1
33 6 4 1
33 6 3 2
32 7 3 2
32 6 4 2
31 8 3 2
31 6 4 3
28 11 3 2
28 8 7 1
28 7 6 3
27 12 3 2
27 8 7 2
27 7 6 4
26 13 3 2
26 8 7 3
26 8 6 4
23 16 3 2
23 11 9 1
23 11 6 4
23 8 7 6
22 17 3 2
22 12 6 4
22 11 9 2
22 9 7 6
21 19 3 1
21 18 3 2
21 13 6 4
21 11 9 3
21 9 8 6
18 17 8 1
18 17 7 2
18 17 6 3
18 16 6 4
18 13 12 1
18 11 9 6
18 11 8 7
17 13 12 2
17 12 8 7
17 11 9 7
16 14 13 1
16 14 12 2
16 14 11 3
16 14 8 6
16 13 12 3
16 13 8 7
16 11 9 8
14 13 11 6
14 12 11 7
13 12 11 8
34 4 3 2 1
32 6 3 2 1
31 7 3 2 1
31 6 4 2 1
29 9 3 2 1
29 8 4 2 1
29 7 4 3 1
29 6 4 3 2
28 9 4 2 1
28 8 4 3 1
28 7 4 3 2
27 11 3 2 1
27 9 4 3 1
27 8 4 3 2
27 7 6 3 1
26 12 3 2 1
26 11 4 2 1
26 9 4 3 2
26 8 7 2 1
26 7 6 4 1
26 7 6 3 2
24 14 3 2 1
24 13 4 2 1
24 12 4 3 1
24 11 4 3 2
24 9 6 4 1
24 9 6 3 2
24 8 7 4 1
24 8 7 3 2
24 8 6 4 2
24 7 6 4 3
23 14 4 2 1
23 13 4 3 1
23 12 4 3 2
23 9 7 3 2
23 9 6 4 2
23 8 7 4 2
23 8 6 4 3
22 16 3 2 1
22 14 4 3 1
22 13 4 3 2
22 11 6 4 1
22 11 6 3 2
22 9 8 3 2
22 9 6 4 3
22 8 7 6 1
22 8 7 4 3
21 17 3 2 1
21 16 4 2 1
21 14 4 3 2
21 12 6 4 1
21 12 6 3 2
21 11 9 2 1
21 11 7 3 2
21 11 6 4 2
21 9 7 6 1
21 9 7 4 3
21 8 7 6 2
19 18 4 2 1
19 17 4 3 1
19 16 4 3 2
19 14 6 4 1
19 14 6 3 2
19 13 7 3 2
19 13 6 4 2
19 12 8 3 2
19 12 6 4 3
19 11 9 4 1
19 11 9 3 2
19 11 7 4 3
19 9 8 7 1
19 9 8 6 2
19 9 7 6 3
19 8 7 6 4
18 17 6 2 1
18 17 4 3 2
18 14 7 3 2
18 14 6 4 2
18 13 8 3 2
18 13 6 4 3
18 12 9 3 2
18 12 7 4 3
18 11 9 4 2
18 9 8 7 2
18 9 8 6 3
18 9 7 6 4
17 16 6 4 1
17 16 6 3 2
17 14 8 3 2
17 14 6 4 3
17 13 9 3 2
17 13 7 4 3
17 11 9 6 1
17 11 9 4 3
17 11 8 7 1
17 11 7 6 3
17 9 8 7 3
17 9 8 6 4
16 14 11 2 1
16 14 9 4 1
16 14 9 3 2
16 14 8 4 2
16 14 7 6 1
16 14 7 4 3
16 13 12 2 1
16 12 11 3 2
16 12 8 7 1
16 12 7 6 3
16 11 9 7 1
16 11 9 6 2
16 11 8 7 2
16 11 7 6 4
16 9 8 7 4
14 13 12 4 1
14 13 12 3 2
14 13 11 4 2
14 13 8 7 2
14 13 7 6 4
14 12 11 6 1
14 12 11 4 3
14 12 9 8 1
14 12 8 7 3
14 12 8 6 4
14 11 9 8 2
14 11 9 7 3
14 11 9 6 4
14 11 8 7 4
14 9 8 7 6
13 12 11 7 1
13 12 11 6 2
13 12 9 8 2
13 12 9 7 3
13 12 9 6 4
13 12 8 7 4
13 11 9 8 3
13 11 9 7 4
12 11 9 8 4
12 11 8 7 6
28 6 4 3 2 1
27 7 4 3 2 1
26 8 4 3 2 1
24 8 6 3 2 1
24 7 6 4 2 1
23 11 4 3 2 1
23 9 6 3 2 1
23 8 7 3 2 1
23 8 6 4 2 1
23 7 6 4 3 1
22 12 4 3 2 1
22 9 7 3 2 1
22 9 6 4 2 1
22 8 7 4 2 1
22 8 6 4 3 1
22 7 6 4 3 2
21 13 4 3 2 1
21 11 6 3 2 1
21 9 8 3 2 1
21 9 7 4 2 1
21 9 6 4 3 1
21 8 7 4 3 1
21 8 6 4 3 2
19 13 6 3 2 1
19 12 7 3 2 1
19 12 6 4 2 1
19 11 8 3 2 1
19 11 7 4 2 1
19 11 6 4 3 1
19 9 8 4 3 1
19 9 7 6 2 1
19 9 7 4 3 2
19 8 7 6 3 1
18 16 4 3 2 1
18 14 6 3 2 1
18 13 7 3 2 1
18 13 6 4 2 1
18 12 8 3 2 1
18 12 7 4 2 1
18 12 6 4 3 1
18 11 9 3 2 1
18 11 8 4 2 1
18 11 7 4 3 1
18 11 6 4 3 2
18 9 8 6 2 1
18 9 8 4 3 2
18 9 7 6 3 1
18 8 7 6 4 1
18 8 7 6 3 2
17 14 7 3 2 1
17 14 6 4 2 1
17 13 8 3 2 1
17 13 7 4 2 1
17 13 6 4 3 1
17 12 9 3 2 1
17 12 8 4 2 1
17 12 7 4 3 1
17 12 6 4 3 2
17 11 9 4 2 1
17 11 8 4 3 1
17 11 7 4 3 2
17 9 8 7 2 1
17 9 8 6 3 1
17 9 7 6 4 1
17 9 7 6 3 2
17 8 7 6 4 2
16 14 8 3 2 1
16 14 7 4 2 1
16 14 6 4 3 1
16 13 9 3 2 1
16 13 8 4 2 1
16 13 7 4 3 1
16 13 6 4 3 2
16 12 9 4 2 1
16 12 8 4 3 1
16 12 7 4 3 2
16 11 9 4 3 1
16 11 8 4 3 2
16 11 7 6 3 1
16 9 8 7 3 1
16 9 8 6 4 1
16 9 8 6 3 2
16 9 7 6 4 2
16 8 7 6 4 3
14 13 11 3 2 1
14 13 9 4 3 1
14 13 8 4 3 2
14 13 7 6 3 1
14 12 11 4 2 1
14 12 9 4 3 2
14 12 8 7 2 1
14 12 7 6 4 1
14 12 7 6 3 2
14 11 9 7 2 1
14 11 9 6 3 1
14 11 8 7 3 1
14 11 8 6 4 1
14 11 8 6 3 2
14 11 7 6 4 2
14 9 8 7 4 2
14 9 8 6 4 3
13 12 11 4 3 1
13 12 9 7 2 1
13 12 9 6 3 1
13 12 8 7 3 1
13 12 8 6 4 1
13 12 8 6 3 2
13 12 7 6 4 2
13 11 9 8 2 1
13 11 9 7 3 1
13 11 9 6 4 1
13 11 9 6 3 2
13 11 8 7 4 1
13 11 8 7 3 2
13 11 8 6 4 2
13 11 7 6 4 3
13 9 8 7 6 1
13 9 8 7 4 3
12 11 9 8 3 1
12 11 9 7 4 1
12 11 9 7 3 2
12 11 9 6 4 2
12 11 8 7 4 2
12 11 8 6 4 3
12 9 8 7 6 2
11 9 8 7 6 3
21 7 6 4 3 2 1
19 9 6 4 3 2 1
19 8 7 4 3 2 1
18 9 7 4 3 2 1
17 11 6 4 3 2 1
17 9 8 4 3 2 1
17 8 7 6 3 2 1
16 12 6 4 3 2 1
16 11 7 4 3 2 1
16 9 7 6 3 2 1
16 8 7 6 4 2 1
14 13 7 4 3 2 1
14 12 8 4 3 2 1
14 11 9 4 3 2 1
14 11 7 6 3 2 1
14 9 8 7 3 2 1
14 9 8 6 4 2 1
14 9 7 6 4 3 1
14 8 7 6 4 3 2
13 12 9 4 3 2 1
13 12 7 6 3 2 1
13 11 8 6 3 2 1
13 11 7 6 4 2 1
13 9 8 7 4 2 1
13 9 8 6 4 3 1
13 9 7 6 4 3 2
12 11 9 6 3 2 1
12 11 8 7 3 2 1
12 11 8 6 4 2 1
12 11 7 6 4 3 1
12 9 8 7 4 3 1
12 9 8 6 4 3 2
11 9 8 7 6 2 1
11 9 8 7 4 3 2
13 8 7 6 4 3 2 1
12 9 7 6 4 3 2 1
11 9 8 6 4 3 2 1

23 22
39 3 2 1
38 4 2 1
37 4 3 1
36 4 3 2
34 6 4 1
34 6 3 2
33 7 3 2
33 6 4 2
32 8 3 2
32 6 4 3
31 9 3 2
31 7 4 3
29 11 3 2
29 8 7 1
29 7 6 3
28 12 3 2
28 8 7 2
28 7 6 4
27 13 3 2
27 8 7 3
27 8 6 4
26 14 3 2
26 9 6 4
26 8 7 4
24 16 3 2
24 11 9 1
24 11 6 4
24 8 7 6
23 17 3 2
23 12 6 4
23 11 9 2
23 9 7 6
22 18 3 2
22 13 6 4
22 11 9 3
22 9 8 6
21 19 4 1
21 19 3 2
21 14 6 4
21 11 9 4
21 9 8 7
19 16 6 4
19 13 12 1
19 11 9 6
19 11 8 7
18 17 9 1
18 17 8 2
18 17 7 3
18 17 6 4
18 13 12 2
18 12 8 7
18 11 9 7
17 14 13 1
17 13 12 3
17 13 8 7
17 11 9 8
16 14 13 2
16 14 12 3
16 14 11 4
16 14 9 6
16 14 8 7
16 13 12 4
16 12 9 8
14 13 12 6
14 13 11 7
14 12 11 8
13 12 11 9
33 6 3 2 1
32 7 3 2 1
32 6 4 2 1
31 8 3 2 1
31 7 4 2 1
31 6 4 3 1
29 9 4 2 1
29 8 4 3 1
29 7 4 3 2
28 11 3 2 1
28 9 4 3 1
28 8 4 3 2
28 7 6 3 1
27 12 3 2 1
27 11 4 2 1
27 9 4 3 2
27 8 7 2 1
27 7 6 4 1
27 7 6 3 2
26 13 3 2 1
26 12 4 2 1
26 11 4 3 1
26 8 7 3 1
26 8 6 4 1
26 8 6 3 2
26 7 6 4 2
24 14 4 2 1
24 13 4 3 1
24 12 4 3 2
24 9 7 3 2
24 9 6 4 2
24 8 7 4 2
24 8 6 4 3
23 16 3 2 1
23 14 4 3 1
23 13 4 3 2
23 11 6 4 1
23 11 6 3 2
23 9 8 3 2
23 9 6 4 3
23 8 7 6 1
23 8 7 4 3
22 17 3 2 1
22 16 4 2 1
22 14 4 3 2
22 12 6 4 1
22 12 6 3 2
22 11 9 2 1
22 11 7 3 2
22 11 6 4 2
22 9 7 6 1
22 9 7 4 3
22 8 7 6 2
21 18 3 2 1
21 17 4 2 1
21 16 4 3 1
21 13 6 4 1
21 13 6 3 2
21 12 7 3 2
21 12 6 4 2
21 11 9 3 1
21 11 8 3 2
21 11 6 4 3
21 9 8 6 1
21 9 7 6 2
21 8 7 6 3
19 18 4 3 1
19 17 4 3 2
19 14 7 3 2
19 14 6 4 2
19 13 8 3 2
19 13 6 4 3
19 12 9 3 2
19 12 7 4 3
19 11 9 4 2
19 9 8 7 2
19 9 8 6 3
19 9 7 6 4
18 17 7 2 1
18 17 6 3 1
18 16 6 4 1
18 16 6 3 2
18 14 8 3 2
18 14 6 4 3
18 13 9 3 2
18 13 7 4 3
18 11 9 6 1
18 11 9 4 3
18 11 8 7 1
18 11 7 6 3
18 9 8 7 3
18 9 8 6 4
17 16 7 3 2
17 16 6 4 2
17 14 9 3 2
17 14 7 4 3
17 13 12 2 1
17 12 11 3 2
17 12 8 7 1
17 12 7 6 3
17 11 9 7 1
17 11 9 6 2
17 11 8 7 2
17 11 7 6 4
17 9 8 7 4
16 14 12 2 1
16 14 11 3 1
16 14 9 4 2
16 14 8 6 1
16 14 8 4 3
16 14 7 6 2
16 13 12 3 1
16 13 11 3 2
16 13 8 7 1
16 13 7 6 3
16 12 8 7 2
16 12 7 6 4
16 11 9 8 1
16 11 9 7 2
16 11 9 6 3
16 11 8 7 3
16 11 8 6 4
14 13 12 4 2
14 13 11 6 1
14 13 11 4 3
14 13 8 7 3
14 13 8 6 4
14 12 11 7 1
14 12 11 6 2
14 12 9 8 2
14 12 9 6 4
14 12 8 7 4
14 11 9 8 3
14 11 9 7 4
13 12 11 8 1
13 12 11 7 2
13 12 11 6 3
13 12 9 8 3
13 12 9 7 4
13 11 9 8 4
13 11 8 7 6
12 11 9 7 6
29 6 4 3 2 1
28 7 4 3 2 1
27 8 4 3 2 1
26 9 4 3 2 1
26 7 6 3 2 1
24 11 4 3 2 1
24 9 6 3 2 1
24 8 7 3 2 1
24 8 6 4 2 1
24 7 6 4 3 1
23 12 4 3 2 1
23 9 7 3 2 1
23 9 6 4 2 1
23 8 7 4 2 1
23 8 6 4 3 1
23 7 6 4 3 2
22 13 4 3 2 1
22 11 6 3 2 1
22 9 8 3 2 1
22 9 7 4 2 1
22 9 6 4 3 1
22 8 7 4 3 1
22 8 6 4 3 2
21 14 4 3 2 1
21 12 6 3 2 1
21 11 7 3 2 1
21 11 6 4 2 1
21 9 8 4 2 1
21 9 7 4 3 1
21 9 6 4 3 2
21 8 7 6 2 1
21 8 7 4 3 2
19 16 4 3 2 1
19 14 6 3 2 1
19 13 7 3 2 1
19 13 6 4 2 1
19 12 8 3 2 1
19 12 7 4 2 1
19 12 6 4 3 1
19 11 9 3 2 1
19 11 8 4 2 1
19 11 7 4 3 1
19 11 6 4 3 2
19 9 8 6 2 1
19 9 8 4 3 2
19 9 7 6 3 1
19 8 7 6 4 1
19 8 7 6 3 2
18 17 4 3 2 1
18 14 7 3 2 1
18 14 6 4 2 1
18 13 8 3 2 1
18 13 7 4 2 1
18 13 6 4 3 1
18 12 9 3 2 1
18 12 8 4 2 1
18 12 7 4 3 1
18 12 6 4 3 2
18 11 9 4 2 1
18 11 8 4 3 1
18 11 7 4 3 2
18 9 8 7 2 1
18 9 8 6 3 1
18 9 7 6 4 1
18 9 7 6 3 2
18 8 7 6 4 2
17 16 6 3 2 1
17 14 8 3 2 1
17 14 7 4 2 1
17 14 6 4 3 1
17 13 9 3 2 1
17 13 8 4 2 1
17 13 7 4 3 1
17 13 6 4 3 2
17 12 9 4 2 1
17 12 8 4 3 1
17 12 7 4 3 2
17 11 9 4 3 1
17 11 8 4 3 2
17 11 7 6 3 1
17 9 8 7 3 1
17 9 8 6 4 1
17 9 8 6 3 2
17 9 7 6 4 2
17 8 7 6 4 3
16 14 9 3 2 1
16 14 8 4 2 1
16 14 7 4 3 1
16 14 6 4 3 2
16 13 9 4 2 1
16 13 8 4 3 1
16 13 7 4 3 2
16 12 11 3 2 1
16 12 9 4 3 1
16 12 8 4 3 2
16 12 7 6 3 1
16 11 9 6 2 1
16 11 9 4 3 2
16 11 8 7 2 1
16 11 7 6 4 1
16 11 7 6 3 2
16 9 8 7 4 1
16 9 8 7 3 2
16 9 8 6 4 2
16 9 7 6 4 3
14 13 12 3 2 1
14 13 11 4 2 1
14 13 9 4 3 2
14 13 8 7 2 1
14 13 7 6 4 1
14 13 7 6 3 2
14 12 11 4 3 1
14 12 8 7 3 1
14 12 8 6 4 1
14 12 8 6 3 2
14 12 7 6 4 2
14 11 9 8 2 1
14 11 9 7 3 1
14 11 9 6 4 1
14 11 9 6 3 2
14 11 8 7 4 1
14 11 8 7 3 2
14 11 8 6 4 2
14 11 7 6 4 3
14 9 8 7 6 1
14 9 8 7 4 3
13 12 11 6 2 1
13 12 11 4 3 2
13 12 9 8 2 1
13 12 9 7 3 1
13 12 9 6 4 1
13 12 9 6 3 2
13 12 8 7 4 1
13 12 8 7 3 2
13 12 8 6 4 2
13 12 7 6 4 3
13 11 9 8 3 1
13 11 9 7 4 1
13 11 9 7 3 2
13 11 9 6 4 2
13 11 8 7 4 2
13 11 8 6 4 3
13 9 8 7 6 2
12 11 9 8 4 1
12 11 9 8 3 2
12 11 9 7 4 2
12 11 9 6 4 3
12 11 8 7 6 1
12 11 8 7 4 3
12 9 8 7 6 3
11 9 8 7 6 4
22 7 6 4 3 2 1
21 8 6 4 3 2 1
19 9 7 4 3 2 1
18 11 6 4 3 2 1
18 9 8 4 3 2 1
18 8 7 6 3 2 1
17 12 6 4 3 2 1
17 11 7 4 3 2 1
17 9 7 6 3 2 1
17 8 7 6 4 2 1
16 13 6 4 3 2 1
16 12 7 4 3 2 1
16 11 8 4 3 2 1
16 9 8 6 3 2 1
16 9 7 6 4 2 1
16 8 7 6 4 3 1
14 13 8 4 3 2 1
14 12 9 4 3 2 1
14 12 7 6 3 2 1
14 11 8 6 3 2 1
14 11 7 6 4 2 1
14 9 8 7 4 2 1
14 9 8 6 4 3 1
14 9 7 6 4 3 2
13 12 8 6 3 2 1
13 12 7 6 4 2 1
13 11 9 6 3 2 1
13 11 8 7 3 2 1
13 11 8 6 4 2 1
13 11 7 6 4 3 1
13 9 8 7 4 3 1
13 9 8 6 4 3 2
12 11 9 7 3 2 1
12 11 9 6 4 2 1
12 11 8 7 4 2 1
12 11 8 6 4 3 1
12 11 7 6 4 3 2
12 9 8 7 6 2 1
12 9 8 7 4 3 2
11 9 8 7 6 3 1
14 8 7 6 4 3 2 1
13 9 7 6 4 3 2 1
12 9 8 6 4 3 2 1
11 9 8 7 4 3 2 1

41 3 2
36 6 4
31 8 7
26 11 9
23 22 1
21 19 6
21 13 12
18 17 11
17 16 13
39 4 2 1
38 4 3 1
37 4 3 2
34 7 3 2
34 6 4 2
33 8 3 2
33 6 4 3
32 9 3 2
32 7 4 3
29 12 3 2
29 8 7 2
29 7 6 4
28 13 3 2
28 8 7 3
28 8 6 4
27 14 3 2
27 9 6 4
27 8 7 4
24 17 3 2
24 12 6 4
24 11 9 2
24 9 7 6
23 18 3 2
23 13 6 4
23 11 9 3
23 9 8 6
22 19 3 2
22 14 6 4
22 11 9 4
22 9 8 7
21 19 4 2
19 17 6 4
19 13 12 2
19 12 8 7
19 11 9 7
18 17 9 2
18 17 8 3
18 17 7 4
18 13 12 3
18 13 8 7
18 11 9 8
17 14 13 2
17 14 8 7
17 13 12 4
17 12 9 8
16 14 13 3
16 14 12 4
16 14 9 7
14 13 12 7
14 13 11 8
14 12 11 9
36 4 3 2 1
34 6 3 2 1
33 7 3 2 1
33 6 4 2 1
32 8 3 2 1
32 7 4 2 1
32 6 4 3 1
31 9 3 2 1
31 8 4 2 1
31 7 4 3 1
31 6 4 3 2
29 11 3 2 1
29 9 4 3 1
29 8 4 3 2
29 7 6 3 1
28 12 3 2 1
28 11 4 2 1
28 9 4 3 2
28 8 7 2 1
28 7 6 4 1
28 7 6 3 2
27 13 3 2 1
27 12 4 2 1
27 11 4 3 1
27 8 7 3 1
27 8 6 4 1
27 8 6 3 2
27 7 6 4 2
26 14 3 2 1
26 13 4 2 1
26 12 4 3 1
26 11 4 3 2
26 9 6 4 1
26 9 6 3 2
26 8 7 4 1
26 8 7 3 2
26 8 6 4 2
26 7 6 4 3
24 16 3 2 1
24 14 4 3 1
24 13 4 3 2
24 11 6 4 1
24 11 6 3 2
24 9 8 3 2
24 9 6 4 3
24 8 7 6 1
24 8 7 4 3
23 17 3 2 1
23 16 4 2 1
23 14 4 3 2
23 12 6 4 1
23 12 6 3 2
23 11 9 2 1
23 11 7 3 2
23 11 6 4 2
23 9 7 6 1
23 9 7 4 3
23 8 7 6 2
22 18 3 2 1
22 17 4 2 1
22 16 4 3 1
22 13 6 4 1
22 13 6 3 2
22 12 7 3 2
22 12 6 4 2
22 11 9 3 1
22 11 8 3 2
22 11 6 4 3
22 9 8 6 1
22 9 7 6 2
22 8 7 6 3
21 19 3 2 1
21 18 4 2 1
21 17 4 3 1
21 16 4 3 2
21 14 6 4 1
21 14 6 3 2
21 13 7 3 2
21 13 6 4 2
21 12 8 3 2
21 12 6 4 3
21 11 9 4 1
21 11 9 3 2
21 11 7 4 3
21 9 8 7 1
21 9 8 6 2
21 9 7 6 3
21 8 7 6 4
19 18 4 3 2
19 16 6 4 1
19 16 6 3 2
19 14 8 3 2
19 14 6 4 3
19 13 9 3 2
19 13 7 4 3
19 11 9 6 1
19 11 9 4 3
19 11 8 7 1
19 11 7 6 3
19 9 8 7 3
19 9 8 6 4
18 17 8 2 1
18 17 7 3 1
18 17 6 4 1
18 17 6 3 2
18 16 7 3 2
18 16 6 4 2
18 14 9 3 2
18 14 7 4 3
18 13 12 2 1
18 12 11 3 2
18 12 8 7 1
18 12 7 6 3
18 11 9 7 1
18 11 9 6 2
18 11 8 7 2
18 11 7 6 4
18 9 8 7 4
17 16 8 3 2
17 16 6 4 3
17 13 12 3 1
17 13 11 3 2
17 13 8 7 1
17 13 7 6 3
17 12 8 7 2
17 12 7 6 4
17 11 9 8 1
17 11 9 7 2
17 11 9 6 3
17 11 8 7 3
17 11 8 6 4
16 14 13 2 1
16 14 12 3 1
16 14 11 4 1
16 14 11 3 2
16 14 9 6 1
16 14 9 4 3
16 14 8 7 1
16 14 8 6 2
16 14 7 6 3
16 13 12 4 1
16 13 12 3 2
16 13 8 7 2
16 13 7 6 4
16 12 9 8 1
16 12 8 7 3
16 12 8 6 4
16 11 9 8 2
16 11 9 7 3
16 11 9 6 4
16 11 8 7 4
16 9 8 7 6
14 13 12 6 1
14 13 12 4 3
14 13 11 7 1
14 13 11 6 2
14 13 9 6 4
14 13 8 7 4
14 12 11 8 1
14 12 11 7 2
14 12 11 6 3
14 12 9 8 3
14 11 9 8 4
14 11 8 7 6
13 12 11 9 1
13 12 11 8 2
13 12 11 7 3
13 12 11 6 4
13 12 9 8 4
13 12 8 7 6
13 11 9 7 6
12 11 9 8 6
29 7 4 3 2 1
28 8 4 3 2 1
27 9 4 3 2 1
27 7 6 3 2 1
26 8 6 3 2 1
26 7 6 4 2 1
24 12 4 3 2 1
24 9 7 3 2 1
24 9 6 4 2 1
24 8 7 4 2 1
24 8 6 4 3 1
24 7 6 4 3 2
23 13 4 3 2 1
23 11 6 3 2 1
23 9 8 3 2 1
23 9 7 4 2 1
23 9 6 4 3 1
23 8 7 4 3 1
23 8 6 4 3 2
22 14 4 3 2 1
22 12 6 3 2 1
22 11 7 3 2 1
22 11 6 4 2 1
22 9 8 4 2 1
22 9 7 4 3 1
22 9 6 4 3 2
22 8 7 6 2 1
22 8 7 4 3 2
21 13 6 3 2 1
21 12 7 3 2 1
21 12 6 4 2 1
21 11 8 3 2 1
21 11 7 4 2 1
21 11 6 4 3 1
21 9 8 4 3 1
21 9 7 6 2 1
21 9 7 4 3 2
21 8 7 6 3 1
19 17 4 3 2 1
19 14 7 3 2 1
19 14 6 4 2 1
19 13 8 3 2 1
19 13 7 4 2 1
19 13 6 4 3 1
19 12 9 3 2 1
19 12 8 4 2 1
19 12 7 4 3 1
19 12 6 4 3 2
19 11 9 4 2 1
19 11 8 4 3 1
19 11 7 4 3 2
19 9 8 7 2 1
19 9 8 6 3 1
19 9 7 6 4 1
19 9 7 6 3 2
19 8 7 6 4 2
18 16 6 3 2 1
18 14 8 3 2 1
18 14 7 4 2 1
18 14 6 4 3 1
18 13 9 3 2 1
18 13 8 4 2 1
18 13 7 4 3 1
18 13 6 4 3 2
18 12 9 4 2 1
18 12 8 4 3 1
18 12 7 4 3 2
18 11 9 4 3 1
18 11 8 4 3 2
18 11 7 6 3 1
18 9 8 7 3 1
18 9 8 6 4 1
18 9 8 6 3 2
18 9 7 6 4 2
18 8 7 6 4 3
17 16 7 3 2 1
17 16 6 4 2 1
17 14 9 3 2 1
17 14 8 4 2 1
17 14 7 4 3 1
17 14 6 4 3 2
17 13 9 4 2 1
17 13 8 4 3 1
17 13 7 4 3 2
17 12 11 3 2 1
17 12 9 4 3 1
17 12 8 4 3 2
17 12 7 6 3 1
17 11 9 6 2 1
17 11 9 4 3 2
17 11 8 7 2 1
17 11 7 6 4 1
17 11 7 6 3 2
17 9 8 7 4 1
17 9 8 7 3 2
17 9 8 6 4 2
17 9 7 6 4 3
16 14 9 4 2 1
16 14 8 4 3 1
16 14 7 6 2 1
16 14 7 4 3 2
16 13 11 3 2 1
16 13 9 4 3 1
16 13 8 4 3 2
16 13 7 6 3 1
16 12 11 4 2 1
16 12 9 4 3 2
16 12 8 7 2 1
16 12 7 6 4 1
16 12 7 6 3 2
16 11 9 7 2 1
16 11 9 6 3 1
16 11 8 7 3 1
16 11 8 6 4 1
16 11 8 6 3 2
16 11 7 6 4 2
16 9 8 7 4 2
16 9 8 6 4 3
14 13 12 4 2 1
14 13 11 4 3 1
14 13 8 7 3 1
14 13 8 6 4 1
14 13 8 6 3 2
14 13 7 6 4 2
14 12 11 6 2 1
14 12 11 4 3 2
14 12 9 8 2 1
14 12 9 6 4 1
14 12 9 6 3 2
14 12 8 7 4 1
14 12 8 7 3 2
14 12 8 6 4 2
14 12 7 6 4 3
14 11 9 8 3 1
14 11 9 7 4 1
14 11 9 7 3 2
14 11 9 6 4 2
14 11 8 7 4 2
14 11 8 6 4 3
14 9 8 7 6 2
13 12 11 7 2 1
13 12 11 6 3 1
13 12 9 8 3 1
13 12 9 7 4 1
13 12 9 7 3 2
13 12 9 6 4 2
13 12 8 7 4 2
13 12 8 6 4 3
13 11 9 8 4 1
13 11 9 8 3 2
13 11 9 7 4 2
13 11 9 6 4 3
13 11 8 7 6 1
13 11 8 7 4 3
13 9 8 7 6 3
12 11 9 8 4 2
12 11 9 7 6 1
12 11 9 7 4 3
12 11 8 7 6 2
12 9 8 7 6 4
23 7 6 4 3 2 1
22 8 6 4 3 2 1
21 9 6 4 3 2 1
21 8 7 4 3 2 1
19 11 6 4 3 2 1
19 9 8 4 3 2 1
19 8 7 6 3 2 1
18 12 6 4 3 2 1
18 11 7 4 3 2 1
18 9 7 6 3 2 1
18 8 7 6 4 2 1
17 13 6 4 3 2 1
17 12 7 4 3 2 1
17 11 8 4 3 2 1
17 9 8 6 3 2 1
17 9 7 6 4 2 1
17 8 7 6 4 3 1
16 14 6 4 3 2 1
16 13 7 4 3 2 1
16 12 8 4 3 2 1
16 11 9 4 3 2 1
16 11 7 6 3 2 1
16 9 8 7 3 2 1
16 9 8 6 4 2 1
16 9 7 6 4 3 1
16 8 7 6 4 3 2
14 13 9 4 3 2 1
14 13 7 6 3 2 1
14 12 8 6 3 2 1
14 12 7 6 4 2 1
14 11 9 6 3 2 1
14 11 8 7 3 2 1
14 11 8 6 4 2 1
14 11 7 6 4 3 1
14 9 8 7 4 3 1
14 9 8 6 4 3 2
13 12 11 4 3 2 1
13 12 9 6 3 2 1
13 12 8 7 3 2 1
13 12 8 6 4 2 1
13 12 7 6 4 3 1
13 11 9 7 3 2 1
13 11 9 6 4 2 1
13 11 8 7 4 2 1
13 11 8 6 4 3 1
13 11 7 6 4 3 2
13 9 8 7 6 2 1
13 9 8 7 4 3 2
12 11 9 8 3 2 1
12 11 9 7 4 2 1
12 11 9 6 4 3 1
12 11 8 7 4 3 1
12 11 8 6 4 3 2
12 9 8 7 6 3 1
11 9 8 7 6 4 1
11 9 8 7 6 3 2
14 9 7 6 4 3 2 1
13 9 8 6 4 3 2 1
12 11 7 6 4 3 2 1
12 9 8 7 4 3 2 1

42 3 2
37 6 4
32 8 7
27 11 9
23 22 2
22 13 12
21 19 7
18 17 12
17 16 14
41 3 2 1
39 4 3 1
38 4 3 2
36 6 4 1
36 6 3 2
34 8 3 2
34 6 4 3
33 9 3 2
33 7 4 3
31 11 3 2
31 8 7 1
31 7 6 3
29 13 3 2
29 8 7 3
29 8 6 4
28 14 3 2
28 9 6 4
28 8 7 4
26 16 3 2
26 11 9 1
26 11 6 4
26 8 7 6
24 18 3 2
24 13 6 4
24 11 9 3
24 9 8 6
23 19 3 2
23 14 6 4
23 11 9 4
23 9 8 7
21 19 6 1
21 19 4 3
21 16 6 4
21 13 12 1
21 11 9 6
21 11 8 7
19 18 6 4
19 13 12 3
19 13 8 7
19 11 9 8
18 17 11 1
18 17 9 3
18 17 8 4
18 14 8 7
18 13 12 4
18 12 9 8
17 16 13 1
17 14 13 3
16 14 13 4
16 14 11 6
16 14 9 8
16 13 12 6
16 12 11 8
14 13 12 8
14 13 11 9
37 4 3 2 1
34 7 3 2 1
34 6 4 2 1
33 8 3 2 1
33 7 4 2 1
33 6 4 3 1
32 9 3 2 1
32 8 4 2 1
32 7 4 3 1
32 6 4 3 2
31 9 4 2 1
31 8 4 3 1
31 7 4 3 2
29 12 3 2 1
29 11 4 2 1
29 9 4 3 2
29 8 7 2 1
29 7 6 4 1
29 7 6 3 2
28 13 3 2 1
28 12 4 2 1
28 11 4 3 1
28 8 7 3 1
28 8 6 4 1
28 8 6 3 2
28 7 6 4 2
27 14 3 2 1
27 13 4 2 1
27 12 4 3 1
27 11 4 3 2
27 9 6 4 1
27 9 6 3 2
27 8 7 4 1
27 8 7 3 2
27 8 6 4 2
27 7 6 4 3
26 14 4 2 1
26 13 4 3 1
26 12 4 3 2
26 9 7 3 2
26 9 6 4 2
26 8 7 4 2
26 8 6 4 3
24 17 3 2 1
24 16 4 2 1
24 14 4 3 2
24 12 6 4 1
24 12 6 3 2
24 11 9 2 1
24 11 7 3 2
24 11 6 4 2
24 9 7 6 1
24 9 7 4 3
24 8 7 6 2
23 18 3 2 1
23 17 4 2 1
23 16 4 3 1
23 13 6 4 1
23 13 6 3 2
23 12 7 3 2
23 12 6 4 2
23 11 9 3 1
23 11 8 3 2
23 11 6 4 3
23 9 8 6 1
23 9 7 6 2
23 8 7 6 3
22 19 3 2 1
22 18 4 2 1
22 17 4 3 1
22 16 4 3 2
22 14 6 4 1
22 14 6 3 2
22 13 7 3 2
22 13 6 4 2
22 12 8 3 2
22 12 6 4 3
22 11 9 4 1
22 11 9 3 2
22 11 7 4 3
22 9 8 7 1
22 9 8 6 2
22 9 7 6 3
22 8 7 6 4
21 19 4 2 1
21 18 4 3 1
21 17 4 3 2
21 14 7 3 2
21 14 6 4 2
21 13 8 3 2
21 13 6 4 3
21 12 9 3 2
21 12 7 4 3
21 11 9 4 2
21 9 8 7 2
21 9 8 6 3
21 9 7 6 4
19 17 6 4 1
19 17 6 3 2
19 16 7 3 2
19 16 6 4 2
19 14 9 3 2
19 14 7 4 3
19 13 12 2 1
19 12 11 3 2
19 12 8 7 1
19 12 7 6 3
19 11 9 7 1
19 11 9 6 2
19 11 8 7 2
19 11 7 6 4
19 9 8 7 4
18 17 9 2 1
18 17 8 3 1
18 17 7 4 1
18 17 7 3 2
18 17 6 4 2
18 16 8 3 2
18 16 6 4 3
18 13 12 3 1
18 13 11 3 2
18 13 8 7 1
18 13 7 6 3
18 12 8 7 2
18 12 7 6 4
18 11 9 8 1
18 11 9 7 2
18 11 9 6 3
18 11 8 7 3
18 11 8 6 4
17 16 9 3 2
17 16 7 4 3
17 14 13 2 1
17 14 11 3 2
17 14 8 7 1
17 14 7 6 3
17 13 12 4 1
17 13 12 3 2
17 13 8 7 2
17 13 7 6 4
17 12 9 8 1
17 12 8 7 3
17 12 8 6 4
17 11 9 8 2
17 11 9 7 3
17 11 9 6 4
17 11 8 7 4
17 9 8 7 6
16 14 13 3 1
16 14 12 4 1
16 14 12 3 2
16 14 11 4 2
16 14 9 7 1
16 14 9 6 2
16 14 8 7 2
16 14 8 6 3
16 14 7 6 4
16 13 12 4 2
16 13 8 7 3
16 13 8 6 4
16 12 9 8 2
16 12 9 6 4
16 12 8 7 4
16 11 9 8 3
16 11 9 7 4
14 13 12 7 1
14 13 12 6 2
14 13 11 8 1
14 13 11 7 2
14 13 11 6 3
14 12 11 9 1
14 12 11 8 2
14 12 11 7 3
14 12 11 6 4
14 12 9 8 4
14 12 8 7 6
14 11 9 7 6
13 12 11 9 2
13 12 11 8 3
13 12 11 7 4
13 12 9 7 6
13 11 9 8 6
12 11 9 8 7
31 6 4 3 2 1
29 8 4 3 2 1
28 9 4 3 2 1
28 7 6 3 2 1
27 8 6 3 2 1
27 7 6 4 2 1
26 11 4 3 2 1
26 9 6 3 2 1
26 8 7 3 2 1
26 8 6 4 2 1
26 7 6 4 3 1
24 13 4 3 2 1
24 11 6 3 2 1
24 9 8 3 2 1
24 9 7 4 2 1
24 9 6 4 3 1
24 8 7 4 3 1
24 8 6 4 3 2
23 14 4 3 2 1
23 12 6 3 2 1
23 11 7 3 2 1
23 11 6 4 2 1
23 9 8 4 2 1
23 9 7 4 3 1
23 9 6 4 3 2
23 8 7 6 2 1
23 8 7 4 3 2
22 13 6 3 2 1
22 12 7 3 2 1
22 12 6 4 2 1
22 11 8 3 2 1
22 11 7 4 2 1
22 11 6 4 3 1
22 9 8 4 3 1
22 9 7 6 2 1
22 9 7 4 3 2
22 8 7 6 3 1
21 16 4 3 2 1
21 14 6 3 2 1
21 13 7 3 2 1
21 13 6 4 2 1
21 12 8 3 2 1
21 12 7 4 2 1
21 12 6 4 3 1
21 11 9 3 2 1
21 11 8 4 2 1
21 11 7 4 3 1
21 11 6 4 3 2
21 9 8 6 2 1
21 9 8 4 3 2
21 9 7 6 3 1
21 8 7 6 4 1
21 8 7 6 3 2
19 18 4 3 2 1
19 16 6 3 2 1
19 14 8 3 2 1
19 14 7 4 2 1
19 14 6 4 3 1
19 13 9 3 2 1
19 13 8 4 2 1
19 13 7 4 3 1
19 13 6 4 3 2
19 12 9 4 2 1
19 12 8 4 3 1
19 12 7 4 3 2
19 11 9 4 3 1
19 11 8 4 3 2
19 11 7 6 3 1
19 9 8 7 3 1
19 9 8 6 4 1
19 9 8 6 3 2
19 9 7 6 4 2
19 8 7 6 4 3
18 17 6 3 2 1
18 16 7 3 2 1
18 16 6 4 2 1
18 14 9 3 2 1
18 14 8 4 2 1
18 14 7 4 3 1
18 14 6 4 3 2
18 13 9 4 2 1
18 13 8 4 3 1
18 13 7 4 3 2
18 12 11 3 2 1
18 12 9 4 3 1
18 12 8 4 3 2
18 12 7 6 3 1
18 11 9 6 2 1
18 11 9 4 3 2
18 11 8 7 2 1
18 11 7 6 4 1
18 11 7 6 3 2
18 9 8 7 4 1
18 9 8 7 3 2
18 9 8 6 4 2
18 9 7 6 4 3
17 16 8 3 2 1
17 16 7 4 2 1
17 16 6 4 3 1
17 14 9 4 2 1
17 14 8 4 3 1
17 14 7 4 3 2
17 13 11 3 2 1
17 13 9 4 3 1
17 13 8 4 3 2
17 13 7 6 3 1
17 12 11 4 2 1
17 12 9 4 3 2
17 12 8 7 2 1
17 12 7 6 4 1
17 12 7 6 3 2
17 11 9 7 2 1
17 11 9 6 3 1
17 11 8 7 3 1
17 11 8 6 4 1
17 11 8 6 3 2
17 11 7 6 4 2
17 9 8 7 4 2
17 9 8 6 4 3
16 14 11 3 2 1
16 14 9 4 3 1
16 14 8 6 2 1
16 14 8 4 3 2
16 14 7 6 3 1
16 13 12 3 2 1
16 13 11 4 2 1
16 13 9 4 3 2
16 13 8 7 2 1
16 13 7 6 4 1
16 13 7 6 3 2
16 12 11 4 3 1
16 12 8 7 3 1
16 12 8 6 4 1
16 12 8 6 3 2
16 12 7 6 4 2
16 11 9 8 2 1
16 11 9 7 3 1
16 11 9 6 4 1
16 11 9 6 3 2
16 11 8 7 4 1
16 11 8 7 3 2
16 11 8 6 4 2
16 11 7 6 4 3
16 9 8 7 6 1
16 9 8 7 4 3
14 13 12 4 3 1
14 13 11 6 2 1
14 13 11 4 3 2
14 13 9 6 4 1
14 13 9 6 3 2
14 13 8 7 4 1
14 13 8 7 3 2
14 13 8 6 4 2
14 13 7 6 4 3
14 12 11 7 2 1
14 12 11 6 3 1
14 12 9 8 3 1
14 12 9 7 3 2
14 12 9 6 4 2
14 12 8 7 4 2
14 12 8 6 4 3
14 11 9 8 4 1
14 11 9 8 3 2
14 11 9 7 4 2
14 11 9 6 4 3
14 11 8 7 6 1
14 11 8 7 4 3
14 9 8 7 6 3
13 12 11 8 2 1
13 12 11 7 3 1
13 12 11 6 4 1
13 12 11 6 3 2
13 12 9 8 4 1
13 12 9 8 3 2
13 12 9 7 4 2
13 12 9 6 4 3
13 12 8 7 6 1
13 12 8 7 4 3
13 11 9 8 4 2
13 11 9 7 6 1
13 11 9 7 4 3
13 11 8 7 6 2
13 9 8 7 6 4
12 11 9 8 6 1
12 11 9 8 4 3
12 11 9 7 6 2
12 11 8 7 6 3
24 7 6 4 3 2 1
23 8 6 4 3 2 1
22 9 6 4 3 2 1
22 8 7 4 3 2 1
21 9 7 4 3 2 1
19 12 6 4 3 2 1
19 11 7 4 3 2 1
19 9 7 6 3 2 1
19 8 7 6 4 2 1
18 13 6 4 3 2 1
18 12 7 4 3 2 1
18 11 8 4 3 2 1
18 9 8 6 3 2 1
18 9 7 6 4 2 1
18 8 7 6 4 3 1
17 14 6 4 3 2 1
17 13 7 4 3 2 1
17 12 8 4 3 2 1
17 11 9 4 3 2 1
17 11 7 6 3 2 1
17 9 8 7 3 2 1
17 9 8 6 4 2 1
17 9 7 6 4 3 1
17 8 7 6 4 3 2
16 14 7 4 3 2 1
16 13 8 4 3 2 1
16 12 9 4 3 2 1
16 12 7 6 3 2 1
16 11 8 6 3 2 1
16 11 7 6 4 2 1
16 9 8 7 4 2 1
16 9 8 6 4 3 1
16 9 7 6 4 3 2
14 13 8 6 3 2 1
14 13 7 6 4 2 1
14 12 11 4 3 2 1
14 12 9 6 3 2 1
14 12 8 7 3 2 1
14 12 8 6 4 2 1
14 12 7 6 4 3 1
14 11 9 7 3 2 1
14 11 9 6 4 2 1
14 11 8 7 4 2 1
14 11 8 6 4 3 1
14 11 7 6 4 3 2
14 9 8 7 6 2 1
14 9 8 7 4 3 2
13 12 9 7 3 2 1
13 12 9 6 4 2 1
13 12 8 7 4 2 1
13 12 8 6 4 3 1
13 12 7 6 4 3 2
13 11 9 8 3 2 1
13 11 9 7 4 2 1
13 11 9 6 4 3 1
13 11 8 7 4 3 1
13 11 8 6 4 3 2
13 9 8 7 6 3 1
12 11 9 8 4 2 1
12 11 9 7 4 3 1
12 11 9 6 4 3 2
12 11 8 7 6 2 1
12 11 8 7 4 3 2
12 9 8 7 6 4 1
12 9 8 7 6 3 2
11 9 8 7 6 4 2
16 8 7 6 4 3 2 1
14 9 8 6 4 3 2 1
13 11 7 6 4 3 2 1
13 9 8 7 4 3 2 1
12 11 8 6 4 3 2 1
11 9 8 7 6 3 2 1

43 3 2
38 6 4
33 8 7
28 11 9
23 22 3
23 13 12
21 19 8
18 17 13
18 16 14
42 3 2 1
41 4 2 1
39 4 3 2
37 6 4 1
37 6 3 2
36 7 3 2
36 6 4 2
34 9 3 2
34 7 4 3
32 11 3 2
32 8 7 1
32 7 6 3
31 12 3 2
31 8 7 2
31 7 6 4
29 14 3 2
29 9 6 4
29 8 7 4
27 16 3 2
27 11 9 1
27 11 6 4
27 8 7 6
26 17 3 2
26 12 6 4
26 11 9 2
26 9 7 6
24 19 3 2
24 14 6 4
24 11 9 4
24 9 8 7
23 22 2 1
22 21 3 2
22 16 6 4
22 13 12 1
22 11 9 6
22 11 8 7
21 19 7 1
21 19 6 2
21 17 6 4
21 13 12 2
21 12 8 7
21 11 9 7
19 14 8 7
19 13 12 4
19 12 9 8
18 17 12 1
18 17 11 2
18 17 9 4
18 17 7 6
17 16 14 1
17 16 13 2
17 16 8 7
17 14 13 4
17 13 12 6
17 12 11 8
16 14 12 6
16 14 11 7
16 13 12 7
16 12 11 9
14 13 12 9
38 4 3 2 1
36 6 3 2 1
34 8 3 2 1
34 7 4 2 1
34 6 4 3 1
33 9 3 2 1
33 8 4 2 1
33 7 4 3 1
33 6 4 3 2
32 9 4 2 1
32 8 4 3 1
32 7 4 3 2
31 11 3 2 1
31 9 4 3 1
31 8 4 3 2
31 7 6 3 1
29 13 3 2 1
29 12 4 2 1
29 11 4 3 1
29 8 7 3 1
29 8 6 4 1
29 8 6 3 2
29 7 6 4 2
28 14 3 2 1
28 13 4 2 1
28 12 4 3 1
28 11 4 3 2
28 9 6 4 1
28 9 6 3 2
28 8 7 4 1
28 8 7 3 2
28 8 6 4 2
28 7 6 4 3
27 14 4 2 1
27 13 4 3 1
27 12 4 3 2
27 9 7 3 2
27 9 6 4 2
27 8 7 4 2
27 8 6 4 3
26 16 3 2 1
26 14 4 3 1
26 13 4 3 2
26 11 6 4 1
26 11 6 3 2
26 9 8 3 2
26 9 6 4 3
26 8 7 6 1
26 8 7 4 3
24 18 3 2 1
24 17 4 2 1
24 16 4 3 1
24 13 6 4 1
24 13 6 3 2
24 12 7 3 2
24 12 6 4 2
24 11 9 3 1
24 11 8 3 2
24 11 6 4 3
24 9 8 6 1
24 9 7 6 2
24 8 7 6 3
23 19 3 2 1
23 18 4 2 1
23 17 4 3 1
23 16 4 3 2
23 14 6 4 1
23 14 6 3 2
23 13 7 3 2
23 13 6 4 2
23 12 8 3 2
23 12 6 4 3
23 11 9 4 1
23 11 9 3 2
23 11 7 4 3
23 9 8 7 1
23 9 8 6 2
23 9 7 6 3
23 8 7 6 4
22 19 4 2 1
22 18 4 3 1
22 17 4 3 2
22 14 7 3 2
22 14 6 4 2
22 13 8 3 2
22 13 6 4 3
22 12 9 3 2
22 12 7 4 3
22 11 9 4 2
22 9 8 7 2
22 9 8 6 3
22 9 7 6 4
21 19 4 3 1
21 18 4 3 2
21 16 6 4 1
21 16 6 3 2
21 14 8 3 2
21 14 6 4 3
21 13 9 3 2
21 13 7 4 3
21 11 9 6 1
21 11 9 4 3
21 11 8 7 1
21 11 7 6 3
21 9 8 7 3
21 9 8 6 4
19 18 6 4 1
19 18 6 3 2
19 17 7 3 2
19 17 6 4 2
19 16 8 3 2
19 16 6 4 3
19 13 12 3 1
19 13 11 3 2
19 13 8 7 1
19 13 7 6 3
19 12 8 7 2
19 12 7 6 4
19 11 9 8 1
19 11 9 7 2
19 11 9 6 3
19 11 8 7 3
19 11 8 6 4
18 17 9 3 1
18 17 8 4 1
18 17 8 3 2
18 17 7 4 2
18 17 6 4 3
18 16 9 3 2
18 16 7 4 3
18 14 11 3 2
18 14 8 7 1
18 14 7 6 3
18 13 12 4 1
18 13 12 3 2
18 13 8 7 2
18 13 7 6 4
18 12 9 8 1
18 12 8 7 3
18 12 8 6 4
18 11 9 8 2
18 11 9 7 3
18 11 9 6 4
18 11 8 7 4
18 9 8 7 6
17 14 13 3 1
17 14 12 3 2
17 14 8 7 2
17 14 7 6 4
17 13 12 4 2
17 13 8 7 3
17 13 8 6 4
17 12 9 8 2
17 12 9 6 4
17 12 8 7 4
17 11 9 8 3
17 11 9 7 4
16 14 13 4 1
16 14 13 3 2
16 14 12 4 2
16 14 11 6 1
16 14 11 4 3
16 14 9 8 1
16 14 9 7 2
16 14 9 6 3
16 14 8 7 3
16 14 8 6 4
16 13 12 6 1
16 13 12 4 3
16 13 9 6 4
16 13 8 7 4
16 12 11 8 1
16 12 9 8 3
16 11 9 8 4
16 11 8 7 6
14 13 12 8 1
14 13 12 7 2
14 13 12 6 3
14 13 11 9 1
14 13 11 8 2
14 13 11 7 3
14 13 11 6 4
14 13 8 7 6
14 12 11 9 2
14 12 11 8 3
14 12 11 7 4
14 12 9 7 6
14 11 9 8 6
13 12 11 9 3
13 12 11 8 4
13 12 9 8 6
13 11 9 8 7
32 6 4 3 2 1
31 7 4 3 2 1
29 9 4 3 2 1
29 7 6 3 2 1
28 8 6 3 2 1
28 7 6 4 2 1
27 11 4 3 2 1
27 9 6 3 2 1
27 8 7 3 2 1
27 8 6 4 2 1
27 7 6 4 3 1
26 12 4 3 2 1
26 9 7 3 2 1
26 9 6 4 2 1
26 8 7 4 2 1
26 8 6 4 3 1
26 7 6 4 3 2
24 14 4 3 2 1
24 12 6 3 2 1
24 11 7 3 2 1
24 11 6 4 2 1
24 9 8 4 2 1
24 9 7 4 3 1
24 9 6 4 3 2
24 8 7 6 2 1
24 8 7 4 3 2
23 13 6 3 2 1
23 12 7 3 2 1
23 12 6 4 2 1
23 11 8 3 2 1
23 11 7 4 2 1
23 11 6 4 3 1
23 9 8 4 3 1
23 9 7 6 2 1
23 9 7 4 3 2
23 8 7 6 3 1
22 16 4 3 2 1
22 14 6 3 2 1
22 13 7 3 2 1
22 13 6 4 2 1
22 12 8 3 2 1
22 12 7 4 2 1
22 12 6 4 3 1
22 11 9 3 2 1
22 11 8 4 2 1
22 11 7 4 3 1
22 11 6 4 3 2
22 9 8 6 2 1
22 9 8 4 3 2
22 9 7 6 3 1
22 8 7 6 4 1
22 8 7 6 3 2
21 17 4 3 2 1
21 14 7 3 2 1
21 14 6 4 2 1
21 13 8 3 2 1
21 13 7 4 2 1
21 13 6 4 3 1
21 12 9 3 2 1
21 12 8 4 2 1
21 12 7 4 3 1
21 12 6 4 3 2
21 11 9 4 2 1
21 11 8 4 3 1
21 11 7 4 3 2
21 9 8 7 2 1
21 9 8 6 3 1
21 9 7 6 4 1
21 9 7 6 3 2
21 8 7 6 4 2
19 17 6 3 2 1
19 16 7 3 2 1
19 16 6 4 2 1
19 14 9 3 2 1
19 14 8 4 2 1
19 14 7 4 3 1
19 14 6 4 3 2
19 13 9 4 2 1
19 13 8 4 3 1
19 13 7 4 3 2
19 12 11 3 2 1
19 12 9 4 3 1
19 12 8 4 3 2
19 12 7 6 3 1
19 11 9 6 2 1
19 11 9 4 3 2
19 11 8 7 2 1
19 11 7 6 4 1
19 11 7 6 3 2
19 9 8 7 4 1
19 9 8 7 3 2
19 9 8 6 4 2
19 9 7 6 4 3
18 17 7 3 2 1
18 17 6 4 2 1
18 16 8 3 2 1
18 16 7 4 2 1
18 16 6 4 3 1
18 14 9 4 2 1
18 14 8 4 3 1
18 14 7 4 3 2
18 13 11 3 2 1
18 13 9 4 3 1
18 13 8 4 3 2
18 13 7 6 3 1
18 12 11 4 2 1
18 12 9 4 3 2
18 12 8 7 2 1
18 12 7 6 4 1
18 12 7 6 3 2
18 11 9 7 2 1
18 11 9 6 3 1
18 11 8 7 3 1
18 11 8 6 4 1
18 11 8 6 3 2
18 11 7 6 4 2
18 9 8 7 4 2
18 9 8 6 4 3
17 16 9 3 2 1
17 16 8 4 2 1
17 16 7 4 3 1
17 16 6 4 3 2
17 14 11 3 2 1
17 14 9 4 3 1
17 14 8 4 3 2
17 14 7 6 3 1
17 13 12 3 2 1
17 13 11 4 2 1
17 13 9 4 3 2
17 13 8 7 2 1
17 13 7 6 4 1
17 13 7 6 3 2
17 12 11 4 3 1
17 12 8 7 3 1
17 12 8 6 4 1
17 12 8 6 3 2
17 12 7 6 4 2
17 11 9 8 2 1
17 11 9 7 3 1
17 11 9 6 4 1
17 11 9 6 3 2
17 11 8 7 4 1
17 11 8 7 3 2
17 11 8 6 4 2
17 11 7 6 4 3
17 9 8 7 6 1
17 9 8 7 4 3
16 14 12 3 2 1
16 14 11 4 2 1
16 14 9 6 2 1
16 14 9 4 3 2
16 14 8 7 2 1
16 14 8 6 3 1
16 14 7 6 4 1
16 14 7 6 3 2
16 13 12 4 2 1
16 13 11 4 3 1
16 13 8 7 3 1
16 13 8 6 4 1
16 13 8 6 3 2
16 13 7 6 4 2
16 12 11 4 3 2
16 12 9 8 2 1
16 12 9 6 4 1
16 12 9 6 3 2
16 12 8 7 4 1
16 12 8 7 3 2
16 12 8 6 4 2
16 12 7 6 4 3
16 11 9 8 3 1
16 11 9 7 4 1
16 11 9 7 3 2
16 11 9 6 4 2
16 11 8 7 4 2
16 11 8 6 4 3
16 9 8 7 6 2
14 13 12 6 2 1
14 13 12 4 3 2
14 13 11 7 2 1
14 13 11 6 3 1
14 13 9 7 3 2
14 13 9 6 4 2
14 13 8 7 4 2
14 13 8 6 4 3
14 12 11 8 2 1
14 12 11 7 3 1
14 12 11 6 4 1
14 12 11 6 3 2
14 12 9 8 4 1
14 12 9 8 3 2
14 12 9 6 4 3
14 12 8 7 6 1
14 12 8 7 4 3
14 11 9 8 4 2
14 11 9 7 6 1
14 11 9 7 4 3
14 11 8 7 6 2
14 9 8 7 6 4
13 12 11 9 2 1
13 12 11 8 3 1
13 12 11 7 4 1
13 12 11 7 3 2
13 12 11 6 4 2
13 12 9 8 4 2
13 12 9 7 6 1
13 12 9 7 4 3
13 12 8 7 6 2
13 11 9 8 6 1
13 11 9 8 4 3
13 11 9 7 6 2
13 11 8 7 6 3
12 11 9 8 7 1
12 11 9 8 6 2
12 11 9 7 6 3
12 11 8 7 6 4
24 8 6 4 3 2 1
23 9 6 4 3 2 1
23 8 7 4 3 2 1
22 9 7 4 3 2 1
21 11 6 4 3 2 1
21 9 8 4 3 2 1
21 8 7 6 3 2 1
19 13 6 4 3 2 1
19 12 7 4 3 2 1
19 11 8 4 3 2 1
19 9 8 6 3 2 1
19 9 7 6 4 2 1
19 8 7 6 4 3 1
18 14 6 4 3 2 1
18 13 7 4 3 2 1
18 12 8 4 3 2 1
18 11 9 4 3 2 1
18 11 7 6 3 2 1
18 9 8 7 3 2 1
18 9 8 6 4 2 1
18 9 7 6 4 3 1
18 8 7 6 4 3 2
17 14 7 4 3 2 1
17 13 8 4 3 2 1
17 12 9 4 3 2 1
17 12 7 6 3 2 1
17 11 8 6 3 2 1
17 11 7 6 4 2 1
17 9 8 7 4 2 1
17 9 8 6 4 3 1
17 9 7 6 4 3 2
16 14 8 4 3 2 1
16 13 9 4 3 2 1
16 13 7 6 3 2 1
16 12 8 6 3 2 1
16 12 7 6 4 2 1
16 11 9 6 3 2 1
16 11 8 7 3 2 1
16 11 8 6 4 2 1
16 11 7 6 4 3 1
16 9 8 7 4 3 1
16 9 8 6 4 3 2
14 13 11 4 3 2 1
14 13 9 6 3 2 1
14 13 8 7 3 2 1
14 13 8 6 4 2 1
14 13 7 6 4 3 1
14 12 9 7 3 2 1
14 12 9 6 4 2 1
14 12 8 7 4 2 1
14 12 8 6 4 3 1
14 12 7 6 4 3 2
14 11 9 8 3 2 1
14 11 9 7 4 2 1
14 11 9 6 4 3 1
14 11 8 7 4 3 1
14 11 8 6 4 3 2
14 9 8 7 6 3 1
13 12 11 6 3 2 1
13 12 9 8 3 2 1
13 12 9 7 4 2 1
13 12 9 6 4 3 1
13 12 8 7 4 3 1
13 12 8 6 4 3 2
13 11 9 8 4 2 1
13 11 9 7 4 3 1
13 11 9 6 4 3 2
13 11 8 7 6 2 1
13 11 8 7 4 3 2
13 9 8 7 6 4 1
13 9 8 7 6 3 2
12 11 9 8 4 3 1
12 11 9 7 6 2 1
12 11 9 7 4 3 2
12 11 8 7 6 3 1
12 9 8 7 6 4 2
11 9 8 7 6 4 3
17 8 7 6 4 3 2 1
16 9 7 6 4 3 2 1
14 11 7 6 4 3 2 1
14 9 8 7 4 3 2 1
13 12 7 6 4 3 2 1
13 11 8 6 4 3 2 1
12 11 9 6 4 3 2 1
12 11 8 7 4 3 2 1
12 9 8 7 6 3 2 1
11 9 8 7 6 4 2 1

44 3 2
39 6 4
34 8 7
29 11 9
24 13 12
23 22 4
21 19 9
19 16 14
18 17 14
43 3 2 1
42 4 2 1
41 4 3 1
38 6 4 1
38 6 3 2
37 7 3 2
37 6 4 2
36 8 3 2
36 6 4 3
33 11 3 2
33 8 7 1
33 7 6 3
32 12 3 2
32 8 7 2
32 7 6 4
31 13 3 2
31 8 7 3
31 8 6 4
28 16 3 2
28 11 9 1
28 11 6 4
28 8 7 6
27 17 3 2
27 12 6 4
27 11 9 2
27 9 7 6
26 18 3 2
26 13 6 4
26 11 9 3
26 9 8 6
23 22 3 1
23 21 3 2
23 16 6 4
23 13 12 1
23 11 9 6
23 11 8 7
22 17 6 4
22 13 12 2
22 12 8 7
22 11 9 7
21 19 8 1
21 19 7 2
21 19 6 3
21 18 6 4
21 13 12 3
21 13 8 7
21 11 9 8
18 17 13 1
18 17 12 2
18 17 11 3
18 17 8 6
18 16 14 1
18 16 8 7
18 13 12 6
18 12 11 8
17 16 14 2
17 16 13 3
17 13 12 7
17 12 11 9
16 14 13 6
16 14 12 7
16 14 11 8
16 13 12 8
16 13 11 9
39 4 3 2 1
37 6 3 2 1
36 7 3 2 1
36 6 4 2 1
34 9 3 2 1
34 8 4 2 1
34 7 4 3 1
34 6 4 3 2
33 9 4 2 1
33 8 4 3 1
33 7 4 3 2
32 11 3 2 1
32 9 4 3 1
32 8 4 3 2
32 7 6 3 1
31 12 3 2 1
31 11 4 2 1
31 9 4 3 2
31 8 7 2 1
31 7 6 4 1
31 7 6 3 2
29 14 3 2 1
29 13 4 2 1
29 12 4 3 1
29 11 4 3 2
29 9 6 4 1
29 9 6 3 2
29 8 7 4 1
29 8 7 3 2
29 8 6 4 2
29 7 6 4 3
28 14 4 2 1
28 13 4 3 1
28 12 4 3 2
28 9 7 3 2
28 9 6 4 2
28 8 7 4 2
28 8 6 4 3
27 16 3 2 1
27 14 4 3 1
27 13 4 3 2
27 11 6 4 1
27 11 6 3 2
27 9 8 3 2
27 9 6 4 3
27 8 7 6 1
27 8 7 4 3
26 17 3 2 1
26 16 4 2 1
26 14 4 3 2
26 12 6 4 1
26 12 6 3 2
26 11 9 2 1
26 11 7 3 2
26 11 6 4 2
26 9 7 6 1
26 9 7 4 3
26 8 7 6 2
24 19 3 2 1
24 18 4 2 1
24 17 4 3 1
24 16 4 3 2
24 14 6 4 1
24 14 6 3 2
24 13 7 3 2
24 13 6 4 2
24 12 8 3 2
24 12 6 4 3
24 11 9 4 1
24 11 9 3 2
24 11 7 4 3
24 9 8 7 1
24 9 8 6 2
24 9 7 6 3
24 8 7 6 4
23 19 4 2 1
23 18 4 3 1
23 17 4 3 2
23 14 7 3 2
23 14 6 4 2
23 13 8 3 2
23 13 6 4 3
23 12 9 3 2
23 12 7 4 3
23 11 9 4 2
23 9 8 7 2
23 9 8 6 3
23 9 7 6 4
22 21 3 2 1
22 19 4 3 1
22 18 4 3 2
22 16 6 4 1
22 16 6 3 2
22 14 8 3 2
22 14 6 4 3
22 13 9 3 2
22 13 7 4 3
22 11 9 6 1
22 11 9 4 3
22 11 8 7 1
22 11 7 6 3
22 9 8 7 3
22 9 8 6 4
21 19 6 2 1
21 19 4 3 2
21 17 6 4 1
21 17 6 3 2
21 16 7 3 2
21 16 6 4 2
21 14 9 3 2
21 14 7 4 3
21 13 12 2 1
21 12 11 3 2
21 12 8 7 1
21 12 7 6 3
21 11 9 7 1
21 11 9 6 2
21 11 8 7 2
21 11 7 6 4
21 9 8 7 4
19 18 7 3 2
19 18 6 4 2
19 17 8 3 2
19 17 6 4 3
19 16 9 3 2
19 16 7 4 3
19 14 11 3 2
19 14 8 7 1
19 14 7 6 3
19 13 12 4 1
19 13 12 3 2
19 13 8 7 2
19 13 7 6 4
19 12 9 8 1
19 12 8 7 3
19 12 8 6 4
19 11 9 8 2
19 11 9 7 3
19 11 9 6 4
19 11 8 7 4
19 9 8 7 6
18 17 11 2 1
18 17 9 4 1
18 17 9 3 2
18 17 8 4 2
18 17 7 6 1
18 17 7 4 3
18 14 12 3 2
18 14 8 7 2
18 14 7 6 4
18 13 12 4 2
18 13 8 7 3
18 13 8 6 4
18 12 9 8 2
18 12 9 6 4
18 12 8 7 4
18 11 9 8 3
18 11 9 7 4
17 16 13 2 1
17 16 11 3 2
17 16 8 7 1
17 16 7 6 3
17 14 13 4 1
17 14 13 3 2
17 14 8 7 3
17 14 8 6 4
17 13 12 6 1
17 13 12 4 3
17 13 9 6 4
17 13 8 7 4
17 12 11 8 1
17 12 9 8 3
17 11 9 8 4
17 11 8 7 6
16 14 13 4 2
16 14 12 6 1
16 14 12 4 3
16 14 11 7 1
16 14 11 6 2
16 14 9 8 2
16 14 9 7 3
16 14 9 6 4
16 14 8 7 4
16 13 12 7 1
16 13 12 6 2
16 12 11 9 1
16 12 11 8 2
16 12 11 6 4
16 12 9 8 4
16 12 8 7 6
16 11 9 7 6
14 13 12 9 1
14 13 12 8 2
14 13 12 7 3
14 13 12 6 4
14 13 11 9 2
14 13 11 8 3
14 13 11 7 4
14 13 9 7 6
14 12 11 9 3
14 12 11 8 4
14 12 9 8 6
14 11 9 8 7
13 12 11 9 4
13 12 11 7 6
13 12 9 8 7
33 6 4 3 2 1
32 7 4 3 2 1
31 8 4 3 2 1
29 8 6 3 2 1
29 7 6 4 2 1
28 11 4 3 2 1
28 9 6 3 2 1
28 8 7 3 2 1
28 8 6 4 2 1
28 7 6 4 3 1
27 12 4 3 2 1
27 9 7 3 2 1
27 9 6 4 2 1
27 8 7 4 2 1
27 8 6 4 3 1
27 7 6 4 3 2
26 13 4 3 2 1
26 11 6 3 2 1
26 9 8 3 2 1
26 9 7 4 2 1
26 9 6 4 3 1
26 8 7 4 3 1
26 8 6 4 3 2
24 13 6 3 2 1
24 12 7 3 2 1
24 12 6 4 2 1
24 11 8 3 2 1
24 11 7 4 2 1
24 11 6 4 3 1
24 9 8 4 3 1
24 9 7 6 2 1
24 9 7 4 3 2
24 8 7 6 3 1
23 16 4 3 2 1
23 14 6 3 2 1
23 13 7 3 2 1
23 13 6 4 2 1
23 12 8 3 2 1
23 12 7 4 2 1
23 12 6 4 3 1
23 11 9 3 2 1
23 11 8 4 2 1
23 11 7 4 3 1
23 11 6 4 3 2
23 9 8 6 2 1
23 9 8 4 3 2
23 9 7 6 3 1
23 8 7 6 4 1
23 8 7 6 3 2
22 17 4 3 2 1
22 14 7 3 2 1
22 14 6 4 2 1
22 13 8 3 2 1
22 13 7 4 2 1
22 13 6 4 3 1
22 12 9 3 2 1
22 12 8 4 2 1
22 12 7 4 3 1
22 12 6 4 3 2
22 11 9 4 2 1
22 11 8 4 3 1
22 11 7 4 3 2
22 9 8 7 2 1
22 9 8 6 3 1
22 9 7 6 4 1
22 9 7 6 3 2
22 8 7 6 4 2
21 18 4 3 2 1
21 16 6 3 2 1
21 14 8 3 2 1
21 14 7 4 2 1
21 14 6 4 3 1
21 13 9 3 2 1
21 13 8 4 2 1
21 13 7 4 3 1
21 13 6 4 3 2
21 12 9 4 2 1
21 12 8 4 3 1
21 12 7 4 3 2
21 11 9 4 3 1
21 11 8 4 3 2
21 11 7 6 3 1
21 9 8 7 3 1
21 9 8 6 4 1
21 9 8 6 3 2
21 9 7 6 4 2
21 8 7 6 4 3
19 18 6 3 2 1
19 17 7 3 2 1
19 17 6 4 2 1
19 16 8 3 2 1
19 16 7 4 2 1
19 16 6 4 3 1
19 14 9 4 2 1
19 14 8 4 3 1
19 14 7 4 3 2
19 13 11 3 2 1
19 13 9 4 3 1
19 13 8 4 3 2
19 13 7 6 3 1
19 12 11 4 2 1
19 12 9 4 3 2
19 12 8 7 2 1
19 12 7 6 4 1
19 12 7 6 3 2
19 11 9 7 2 1
19 11 9 6 3 1
19 11 8 7 3 1
19 11 8 6 4 1
19 11 8 6 3 2
19 11 7 6 4 2
19 9 8 7 4 2
19 9 8 6 4 3
18 17 8 3 2 1
18 17 7 4 2 1
18 17 6 4 3 1
18 16 9 3 2 1
18 16 8 4 2 1
18 16 7 4 3 1
18 16 6 4 3 2
18 14 11 3 2 1
18 14 9 4 3 1
18 14 8 4 3 2
18 14 7 6 3 1
18 13 12 3 2 1
18 13 11 4 2 1
18 13 9 4 3 2
18 13 8 7 2 1
18 13 7 6 4 1
18 13 7 6 3 2
18 12 11 4 3 1
18 12 8 7 3 1
18 12 8 6 4 1
18 12 8 6 3 2
18 12 7 6 4 2
18 11 9 8 2 1
18 11 9 7 3 1
18 11 9 6 4 1
18 11 9 6 3 2
18 11 8 7 4 1
18 11 8 7 3 2
18 11 8 6 4 2
18 11 7 6 4 3
18 9 8 7 6 1
18 9 8 7 4 3
17 16 9 4 2 1
17 16 8 4 3 1
17 16 7 4 3 2
17 14 12 3 2 1
17 14 11 4 2 1
17 14 9 4 3 2
17 14 8 7 2 1
17 14 7 6 4 1
17 14 7 6 3 2
17 13 12 4 2 1
17 13 11 4 3 1
17 13 8 7 3 1
17 13 8 6 4 1
17 13 8 6 3 2
17 13 7 6 4 2
17 12 11 4 3 2
17 12 9 8 2 1
17 12 9 6 4 1
17 12 9 6 3 2
17 12 8 7 4 1
17 12 8 7 3 2
17 12 8 6 4 2
17 12 7 6 4 3
17 11 9 8 3 1
17 11 9 7 4 1
17 11 9 7 3 2
17 11 9 6 4 2
17 11 8 7 4 2
17 11 8 6 4 3
17 9 8 7 6 2
16 14 13 3 2 1
16 14 12 4 2 1
16 14 11 4 3 1
16 14 9 7 2 1
16 14 9 6 3 1
16 14 8 7 3 1
16 14 8 6 4 1
16 14 8 6 3 2
16 14 7 6 4 2
16 13 12 4 3 1
16 13 11 4 3 2
16 13 9 6 4 1
16 13 9 6 3 2
16 13 8 7 4 1
16 13 8 7 3 2
16 13 8 6 4 2
16 13 7 6 4 3
16 12 9 8 3 1
16 12 9 7 3 2
16 12 9 6 4 2
16 12 8 7 4 2
16 12 8 6 4 3
16 11 9 8 4 1
16 11 9 8 3 2
16 11 9 7 4 2
16 11 9 6 4 3
16 11 8 7 6 1
16 11 8 7 4 3
16 9 8 7 6 3
14 13 12 7 2 1
14 13 12 6 3 1
14 13 11 8 2 1
14 13 11 7 3 1
14 13 11 6 4 1
14 13 11 6 3 2
14 13 9 8 3 2
14 13 9 6 4 3
14 13 8 7 6 1
14 13 8 7 4 3
14 12 11 9 2 1
14 12 11 8 3 1
14 12 11 7 4 1
14 12 11 7 3 2
14 12 11 6 4 2
14 12 9 8 4 2
14 12 9 7 6 1
14 12 9 7 4 3
14 12 8 7 6 2
14 11 9 8 6 1
14 11 9 8 4 3
14 11 9 7 6 2
14 11 8 7 6 3
13 12 11 9 3 1
13 12 11 8 4 1
13 12 11 8 3 2
13 12 11 7 4 2
13 12 11 6 4 3
13 12 9 8 6 1
13 12 9 8 4 3
13 12 9 7 6 2
13 12 8 7 6 3
13 11 9 8 7 1
13 11 9 8 6 2
13 11 9 7 6 3
13 11 8 7 6 4
12 11 9 8 7 2
12 11 9 8 6 3
12 11 9 7 6 4
26 7 6 4 3 2 1
24 9 6 4 3 2 1
24 8 7 4 3 2 1
23 9 7 4 3 2 1
22 11 6 4 3 2 1
22 9 8 4 3 2 1
22 8 7 6 3 2 1
21 12 6 4 3 2 1
21 11 7 4 3 2 1
21 9 7 6 3 2 1
21 8 7 6 4 2 1
19 14 6 4 3 2 1
19 13 7 4 3 2 1
19 12 8 4 3 2 1
19 11 9 4 3 2 1
19 11 7 6 3 2 1
19 9 8 7 3 2 1
19 9 8 6 4 2 1
19 9 7 6 4 3 1
19 8 7 6 4 3 2
18 14 7 4 3 2 1
18 13 8 4 3 2 1
18 12 9 4 3 2 1
18 12 7 6 3 2 1
18 11 8 6 3 2 1
18 11 7 6 4 2 1
18 9 8 7 4 2 1
18 9 8 6 4 3 1
18 9 7 6 4 3 2
17 16 6 4 3 2 1
17 14 8 4 3 2 1
17 13 9 4 3 2 1
17 13 7 6 3 2 1
17 12 8 6 3 2 1
17 12 7 6 4 2 1
17 11 9 6 3 2 1
17 11 8 7 3 2 1
17 11 8 6 4 2 1
17 11 7 6 4 3 1
17 9 8 7 4 3 1
17 9 8 6 4 3 2
16 14 9 4 3 2 1
16 14 7 6 3 2 1
16 13 8 6 3 2 1
16 13 7 6 4 2 1
16 12 11 4 3 2 1
16 12 9 6 3 2 1
16 12 8 7 3 2 1
16 12 8 6 4 2 1
16 12 7 6 4 3 1
16 11 9 7 3 2 1
16 11 9 6 4 2 1
16 11 8 7 4 2 1
16 11 8 6 4 3 1
16 11 7 6 4 3 2
16 9 8 7 6 2 1
16 9 8 7 4 3 2
14 13 12 4 3 2 1
14 13 9 7 3 2 1
14 13 9 6 4 2 1
14 13 8 7 4 2 1
14 13 8 6 4 3 1
14 13 7 6 4 3 2
14 12 11 6 3 2 1
14 12 9 8 3 2 1
14 12 9 7 4 2 1
14 12 9 6 4 3 1
14 12 8 7 4 3 1
14 12 8 6 4 3 2
14 11 9 8 4 2 1
14 11 9 7 4 3 1
14 11 9 6 4 3 2
14 11 8 7 6 2 1
14 11 8 7 4 3 2
14 9 8 7 6 4 1
14 9 8 7 6 3 2
13 12 11 7 3 2 1
13 12 11 6 4 2 1
13 12 9 8 4 2 1
13 12 9 7 4 3 1
13 12 9 6 4 3 2
13 12 8 7 6 2 1
13 12 8 7 4 3 2
13 11 9 8 4 3 1
13 11 9 7 6 2 1
13 11 9 7 4 3 2
13 11 8 7 6 3 1
13 9 8 7 6 4 2
12 11 9 8 6 2 1
12 11 9 8 4 3 2
12 11 9 7 6 3 1
12 11 8 7 6 4 1
12 11 8 7 6 3 2
12 9 8 7 6 4 3
18 8 7 6 4 3 2 1
17 9 7 6 4 3 2 1
16 9 8 6 4 3 2 1
14 12 7 6 4 3 2 1
14 11 8 6 4 3 2 1
13 12 8 6 4 3 2 1
13 11 9 6 4 3 2 1
13 11 8 7 4 3 2 1
13 9 8 7 6 3 2 1
12 11 9 7 4 3 2 1
12 9 8 7 6 4 2 1
11 9 8 7 6 4 3 1

26 24
44 3 2 1
43 4 2 1
42 4 3 1
41 4 3 2
39 6 4 1
39 6 3 2
38 7 3 2
38 6 4 2
37 8 3 2
37 6 4 3
36 9 3 2
36 7 4 3
34 11 3 2
34 8 7 1
34 7 6 3
33 12 3 2
33 8 7 2
33 7 6 4
32 13 3 2
32 8 7 3
32 8 6 4
31 14 3 2
31 9 6 4
31 8 7 4
29 16 3 2
29 11 9 1
29 11 6 4
29 8 7 6
28 17 3 2
28 12 6 4
28 11 9 2
28 9 7 6
27 18 3 2
27 13 6 4
27 11 9 3
27 9 8 6
26 19 3 2
26 14 6 4
26 11 9 4
26 9 8 7
24 21 3 2
24 16 6 4
24 13 12 1
24 11 9 6
24 11 8 7
23 22 4 1
23 22 3 2
23 17 6 4
23 13 12 2
23 12 8 7
23 11 9 7
22 18 6 4
22 13 12 3
22 13 8 7
22 11 9 8
21 19 9 1
21 19 8 2
21 19 7 3
21 19 6 4
21 14 8 7
21 13 12 4
21 12 9 8
19 16 14 1
19 16 8 7
19 13 12 6
19 12 11 8
18 17 14 1
18 17 13 2
18 17 12 3
18 17 11 4
18 17 9 6
18 17 8 7
18 16 14 2
18 13 12 7
18 12 11 9
17 16 14 3
17 16 13 4
17 14 13 6
17 13 12 8
17 13 11 9
16 14 13 7
16 14 12 8
16 14 11 9
16 13 12 9
14 13 12 11
38 6 3 2 1
37 7 3 2 1
37 6 4 2 1
36 8 3 2 1
36 7 4 2 1
36 6 4 3 1
34 9 4 2 1
34 8 4 3 1
34 7 4 3 2
33 11 3 2 1
33 9 4 3 1
33 8 4 3 2
33 7 6 3 1
32 12 3 2 1
32 11 4 2 1
32 9 4 3 2
32 8 7 2 1
32 7 6 4 1
32 7 6 3 2
31 13 3 2 1
31 12 4 2 1
31 11 4 3 1
31 8 7 3 1
31 8 6 4 1
31 8 6 3 2
31 7 6 4 2
29 14 4 2 1
29 13 4 3 1
29 12 4 3 2
29 9 7 3 2
29 9 6 4 2
29 8 7 4 2
29 8 6 4 3
28 16 3 2 1
28 14 4 3 1
28 13 4 3 2
28 11 6 4 1
28 11 6 3 2
28 9 8 3 2
28 9 6 4 3
28 8 7 6 1
28 8 7 4 3
27 17 3 2 1
27 16 4 2 1
27 14 4 3 2
27 12 6 4 1
27 12 6 3 2
27 11 9 2 1
27 11 7 3 2
27 11 6 4 2
27 9 7 6 1
27 9 7 4 3
27 8 7 6 2
26 18 3 2 1
26 17 4 2 1
26 16 4 3 1
26 13 6 4 1
26 13 6 3 2
26 12 7 3 2
26 12 6 4 2
26 11 9 3 1
26 11 8 3 2
26 11 6 4 3
26 9 8 6 1
26 9 7 6 2
26 8 7 6 3
24 19 4 2 1
24 18 4 3 1
24 17 4 3 2
24 14 7 3 2
24 14 6 4 2
24 13 8 3 2
24 13 6 4 3
24 12 9 3 2
24 12 7 4 3
24 11 9 4 2
24 9 8 7 2
24 9 8 6 3
24 9 7 6 4
23 21 3 2 1
23 19 4 3 1
23 18 4 3 2
23 16 6 4 1
23 16 6 3 2
23 14 8 3 2
23 14 6 4 3
23 13 9 3 2
23 13 7 4 3
23 11 9 6 1
23 11 9 4 3
23 11 8 7 1
23 11 7 6 3
23 9 8 7 3
23 9 8 6 4
22 21 4 2 1
22 19 4 3 2
22 17 6 4 1
22 17 6 3 2
22 16 7 3 2
22 16 6 4 2
22 14 9 3 2
22 14 7 4 3
22 13 12 2 1
22 12 11 3 2
22 12 8 7 1
22 12 7 6 3
22 11 9 7 1
22 11 9 6 2
22 11 8 7 2
22 11 7 6 4
22 9 8 7 4
21 19 7 2 1
21 19 6 3 1
21 18 6 4 1
21 18 6 3 2
21 17 7 3 2
21 17 6 4 2
21 16 8 3 2
21 16 6 4 3
21 13 12 3 1
21 13 11 3 2
21 13 8 7 1
21 13 7 6 3
21 12 8 7 2
21 12 7 6 4
21 11 9 8 1
21 11 9 7 2
21 11 9 6 3
21 11 8 7 3
21 11 8 6 4
19 18 8 3 2
19 18 6 4 3
19 17 9 3 2
19 17 7 4 3
19 14 12 3 2
19 14 8 7 2
19 14 7 6 4
19 13 12 4 2
19 13 8 7 3
19 13 8 6 4
19 12 9 8 2
19 12 9 6 4
19 12 8 7 4
19 11 9 8 3
19 11 9 7 4
18 17 12 2 1
18 17 11 3 1
18 17 9 4 2
18 17 8 6 1
18 17 8 4 3
18 17 7 6 2
18 16 11 3 2
18 16 8 7 1
18 16 7 6 3
18 14 13 3 2
18 14 8 7 3
18 14 8 6 4
18 13 12 6 1
18 13 12 4 3
18 13 9 6 4
18 13 8 7 4
18 12 11 8 1
18 12 9 8 3
18 11 9 8 4
18 11 8 7 6
17 16 14 2 1
17 16 13 3 1
17 16 12 3 2
17 16 8 7 2
17 16 7 6 4
17 14 13 4 2
17 14 9 6 4
17 14 8 7 4
17 13 12 7 1
17 13 12 6 2
17 12 11 9 1
17 12 11 8 2
17 12 11 6 4
17 12 9 8 4
17 12 8 7 6
17 11 9 7 6
16 14 13 6 1
16 14 13 4 3
16 14 12 7 1
16 14 12 6 2
16 14 11 8 1
16 14 11 7 2
16 14 11 6 3
16 14 9 8 3
16 14 9 7 4
16 13 12 8 1
16 13 12 7 2
16 13 12 6 3
16 13 11 9 1
16 13 11 6 4
16 13 8 7 6
16 12 11 9 2
16 12 11 8 3
16 12 9 7 6
16 11 9 8 6
14 13 12 9 2
14 13 12 8 3
14 13 12 7 4
14 13 11 9 3
14 13 11 8 4
14 13 9 8 6
14 12 11 9 4
14 12 11 7 6
14 12 9 8 7
13 12 11 8 6
34 6 4 3 2 1
33 7 4 3 2 1
32 8 4 3 2 1
31 9 4 3 2 1
31 7 6 3 2 1
29 11 4 3 2 1
29 9 6 3 2 1
29 8 7 3 2 1
29 8 6 4 2 1
29 7 6 4 3 1
28 12 4 3 2 1
28 9 7 3 2 1
28 9 6 4 2 1
28 8 7 4 2 1
28 8 6 4 3 1
28 7 6 4 3 2
27 13 4 3 2 1
27 11 6 3 2 1
27 9 8 3 2 1
27 9 7 4 2 1
27 9 6 4 3 1
27 8 7 4 3 1
27 8 6 4 3 2
26 14 4 3 2 1
26 12 6 3 2 1
26 11 7 3 2 1
26 11 6 4 2 1
26 9 8 4 2 1
26 9 7 4 3 1
26 9 6 4 3 2
26 8 7 6 2 1
26 8 7 4 3 2
24 16 4 3 2 1
24 14 6 3 2 1
24 13 7 3 2 1
24 13 6 4 2 1
24 12 8 3 2 1
24 12 7 4 2 1
24 12 6 4 3 1
24 11 9 3 2 1
24 11 8 4 2 1
24 11 7 4 3 1
24 11 6 4 3 2
24 9 8 6 2 1
24 9 8 4 3 2
24 9 7 6 3 1
24 8 7 6 4 1
24 8 7 6 3 2
23 17 4 3 2 1
23 14 7 3 2 1
23 14 6 4 2 1
23 13 8 3 2 1
23 13 7 4 2 1
23 13 6 4 3 1
23 12 9 3 2 1
23 12 8 4 2 1
23 12 7 4 3 1
23 12 6 4 3 2
23 11 9 4 2 1
23 11 8 4 3 1
23 11 7 4 3 2
23 9 8 7 2 1
23 9 8 6 3 1
23 9 7 6 4 1
23 9 7 6 3 2
23 8 7 6 4 2
22 18 4 3 2 1
22 16 6 3 2 1
22 14 8 3 2 1
22 14 7 4 2 1
22 14 6 4 3 1
22 13 9 3 2 1
22 13 8 4 2 1
22 13 7 4 3 1
22 13 6 4 3 2
22 12 9 4 2 1
22 12 8 4 3 1
22 12 7 4 3 2
22 11 9 4 3 1
22 11 8 4 3 2
22 11 7 6 3 1
22 9 8 7 3 1
22 9 8 6 4 1
22 9 8 6 3 2
22 9 7 6 4 2
22 8 7 6 4 3
21 19 4 3 2 1
21 17 6 3 2 1
21 16 7 3 2 1
21 16 6 4 2 1
21 14 9 3 2 1
21 14 8 4 2 1
21 14 7 4 3 1
21 14 6 4 3 2
21 13 9 4 2 1
21 13 8 4 3 1
21 13 7 4 3 2
21 12 11 3 2 1
21 12 9 4 3 1
21 12 8 4 3 2
21 12 7 6 3 1
21 11 9 6 2 1
21 11 9 4 3 2
21 11 8 7 2 1
21 11 7 6 4 1
21 11 7 6 3 2
21 9 8 7 4 1
21 9 8 7 3 2
21 9 8 6 4 2
21 9 7 6 4 3
19 18 7 3 2 1
19 18 6 4 2 1
19 17 8 3 2 1
19 17 7 4 2 1
19 17 6 4 3 1
19 16 9 3 2 1
19 16 8 4 2 1
19 16 7 4 3 1
19 16 6 4 3 2
19 14 11 3 2 1
19 14 9 4 3 1
19 14 8 4 3 2
19 14 7 6 3 1
19 13 12 3 2 1
19 13 11 4 2 1
19 13 9 4 3 2
19 13 8 7 2 1
19 13 7 6 4 1
19 13 7 6 3 2
19 12 11 4 3 1
19 12 8 7 3 1
19 12 8 6 4 1
19 12 8 6 3 2
19 12 7 6 4 2
19 11 9 8 2 1
19 11 9 7 3 1
19 11 9 6 4 1
19 11 9 6 3 2
19 11 8 7 4 1
19 11 8 7 3 2
19 11 8 6 4 2
19 11 7 6 4 3
19 9 8 7 6 1
19 9 8 7 4 3
18 17 9 3 2 1
18 17 8 4 2 1
18 17 7 4 3 1
18 17 6 4 3 2
18 16 9 4 2 1
18 16 8 4 3 1
18 16 7 4 3 2
18 14 12 3 2 1
18 14 11 4 2 1
18 14 9 4 3 2
18 14 8 7 2 1
18 14 7 6 4 1
18 14 7 6 3 2
18 13 12 4 2 1
18 13 11 4 3 1
18 13 8 7 3 1
18 13 8 6 4 1
18 13 8 6 3 2
18 13 7 6 4 2
18 12 11 4 3 2
18 12 9 8 2 1
18 12 9 6 4 1
18 12 9 6 3 2
18 12 8 7 4 1
18 12 8 7 3 2
18 12 8 6 4 2
18 12 7 6 4 3
18 11 9 8 3 1
18 11 9 7 4 1
18 11 9 7 3 2
18 11 9 6 4 2
18 11 8 7 4 2
18 11 8 6 4 3
18 9 8 7 6 2
17 16 11 3 2 1
17 16 9 4 3 1
17 16 8 4 3 2
17 16 7 6 3 1
17 14 13 3 2 1
17 14 12 4 2 1
17 14 11 4 3 1
17 14 8 7 3 1
17 14 8 6 4 1
17 14 8 6 3 2
17 14 7 6 4 2
17 13 12 4 3 1
17 13 11 4 3 2
17 13 9 6 4 1
17 13 9 6 3 2
17 13 8 7 4 1
17 13 8 7 3 2
17 13 8 6 4 2
17 13 7 6 4 3
17 12 9 8 3 1
17 12 9 7 3 2
17 12 9 6 4 2
17 12 8 7 4 2
17 12 8 6 4 3
17 11 9 8 4 1
17 11 9 8 3 2
17 11 9 7 4 2
17 11 9 6 4 3
17 11 8 7 6 1
17 11 8 7 4 3
17 9 8 7 6 3
16 14 13 4 2 1
16 14 12 4 3 1
16 14 11 6 2 1
16 14 11 4 3 2
16 14 9 8 2 1
16 14 9 7 3 1
16 14 9 6 4 1
16 14 9 6 3 2
16 14 8 7 4 1
16 14 8 7 3 2
16 14 8 6 4 2
16 14 7 6 4 3
16 13 12 6 2 1
16 13 12 4 3 2
16 13 9 7 3 2
16 13 9 6 4 2
16 13 8 7 4 2
16 13 8 6 4 3
16 12 11 8 2 1
16 12 11 6 4 1
16 12 11 6 3 2
16 12 9 8 4 1
16 12 9 8 3 2
16 12 9 6 4 3
16 12 8 7 6 1
16 12 8 7 4 3
16 11 9 8 4 2
16 11 9 7 6 1
16 11 9 7 4 3
16 11 8 7 6 2
16 9 8 7 6 4
14 13 12 8 2 1
14 13 12 7 3 1
14 13 12 6 4 1
14 13 12 6 3 2
14 13 11 9 2 1
14 13 11 8 3 1
14 13 11 7 4 1
14 13 11 7 3 2
14 13 11 6 4 2
14 13 9 7 6 1
14 13 9 7 4 3
14 13 8 7 6 2
14 12 11 9 3 1
14 12 11 8 4 1
14 12 11 8 3 2
14 12 11 7 4 2
14 12 11 6 4 3
14 12 9 8 6 1
14 12 9 8 4 3
14 12 9 7 6 2
14 12 8 7 6 3
14 11 9 8 7 1
14 11 9 8 6 2
14 11 9 7 6 3
14 11 8 7 6 4
13 12 11 9 4 1
13 12 11 9 3 2
13 12 11 8 4 2
13 12 11 7 6 1
13 12 11 7 4 3
13 12 9 8 7 1
13 12 9 8 6 2
13 12 9 7 6 3
13 12 8 7 6 4
13 11 9 8 7 2
13 11 9 8 6 3
13 11 9 7 6 4
12 11 9 8 7 3
12 11 9 8 6 4
27 7 6 4 3 2 1
26 8 6 4 3 2 1
24 9 7 4 3 2 1
23 11 6 4 3 2 1
23 9 8 4 3 2 1
23 8 7 6 3 2 1
22 12 6 4 3 2 1
22 11 7 4 3 2 1
22 9 7 6 3 2 1
22 8 7 6 4 2 1
21 13 6 4 3 2 1
21 12 7 4 3 2 1
21 11 8 4 3 2 1
21 9 8 6 3 2 1
21 9 7 6 4 2 1
21 8 7 6 4 3 1
19 14 7 4 3 2 1
19 13 8 4 3 2 1
19 12 9 4 3 2 1
19 12 7 6 3 2 1
19 11 8 6 3 2 1
19 11 7 6 4 2 1
19 9 8 7 4 2 1
19 9 8 6 4 3 1
19 9 7 6 4 3 2
18 16 6 4 3 2 1
18 14 8 4 3 2 1
18 13 9 4 3 2 1
18 13 7 6 3 2 1
18 12 8 6 3 2 1
18 12 7 6 4 2 1
18 11 9 6 3 2 1
18 11 8 7 3 2 1
18 11 8 6 4 2 1
18 11 7 6 4 3 1
18 9 8 7 4 3 1
18 9 8 6 4 3 2
17 16 7 4 3 2 1
17 14 9 4 3 2 1
17 14 7 6 3 2 1
17 13 8 6 3 2 1
17 13 7 6 4 2 1
17 12 11 4 3 2 1
17 12 9 6 3 2 1
17 12 8 7 3 2 1
17 12 8 6 4 2 1
17 12 7 6 4 3 1
17 11 9 7 3 2 1
17 11 9 6 4 2 1
17 11 8 7 4 2 1
17 11 8 6 4 3 1
17 11 7 6 4 3 2
17 9 8 7 6 2 1
17 9 8 7 4 3 2
16 14 8 6 3 2 1
16 14 7 6 4 2 1
16 13 11 4 3 2 1
16 13 9 6 3 2 1
16 13 8 7 3 2 1
16 13 8 6 4 2 1
16 13 7 6 4 3 1
16 12 9 7 3 2 1
16 12 9 6 4 2 1
16 12 8 7 4 2 1
16 12 8 6 4 3 1
16 12 7 6 4 3 2
16 11 9 8 3 2 1
16 11 9 7 4 2 1
16 11 9 6 4 3 1
16 11 8 7 4 3 1
16 11 8 6 4 3 2
16 9 8 7 6 3 1
14 13 11 6 3 2 1
14 13 9 8 3 2 1
14 13 9 7 4 2 1
14 13 9 6 4 3 1
14 13 8 7 4 3 1
14 13 8 6 4 3 2
14 12 11 7 3 2 1
14 12 11 6 4 2 1
14 12 9 8 4 2 1
14 12 9 7 4 3 1
14 12 9 6 4 3 2
14 12 8 7 6 2 1
14 12 8 7 4 3 2
14 11 9 8 4 3 1
14 11 9 7 6 2 1
14 11 9 7 4 3 2
14 11 8 7 6 3 1
14 9 8 7 6 4 2
13 12 11 8 3 2 1
13 12 11 7 4 2 1
13 12 11 6 4 3 1
13 12 9 8 4 3 1
13 12 9 7 6 2 1
13 12 9 7 4 3 2
13 12 8 7 6 3 1
13 11 9 8 6 2 1
13 11 9 8 4 3 2
13 11 9 7 6 3 1
13 11 8 7 6 4 1
13 11 8 7 6 3 2
13 9 8 7 6 4 3
12 11 9 8 7 2 1
12 11 9 8 6 3 1
12 11 9 7 6 4 1
12 11 9 7 6 3 2
12 11 8 7 6 4 2
19 8 7 6 4 3 2 1
18 9 7 6 4 3 2 1
17 9 8 6 4 3 2 1
16 11 7 6 4 3 2 1
16 9 8 7 4 3 2 1
14 13 7 6 4 3 2 1
14 12 8 6 4 3 2 1
14 11 9 6 4 3 2 1
14 11 8 7 4 3 2 1
14 9 8 7 6 3 2 1
13 12 9 6 4 3 2 1
13 12 8 7 4 3 2 1
13 11 9 7 4 3 2 1
13 9 8 7 6 4 2 1
12 11 9 8 4 3 2 1
12 11 8 7 6 3 2 1
12 9 8 7 6 4 3 1
11 9 8 7 6 4 3 2

0 0 0 0 0 1 1 1 1 1 2 2 3 4 5 5 7 8 10 12 13 16 19 23 27 30 35 41 47 55 63 72 82 94 107 122 138 157 176 200 227 255 286 322 360 405 452 506 563 628 701
0 0 0 0 0 1 1 1 1 1 1 1 1 2 2 1 2 2 1 1 -1 -1 -2 -2 -4 -4 -6 -5 -7 -5 -6 -3 -3 2 5 10 14 21 25 30 35 36 35 32 25 11 -6 -30 -58 -91 -123
