0

1

2

3
2 1

4
3 1

4 1
3 2

6
4 2
3 2 1

7
6 1
4 3
4 2 1

8
7 1
6 2
4 3 1

9
8 1
7 2
6 3
6 2 1
4 3 2

9 1
8 2
7 3
6 4
7 2 1
6 3 1
4 3 2 1

11
9 2
8 3
7 4
8 2 1
7 3 1
6 4 1
6 3 2

12
11 1
9 3
8 4
9 2 1
8 3 1
7 4 1
7 3 2
6 4 2
6 3 2 1

13
12 1
11 2
9 4
7 6
9 3 1
8 4 1
8 3 2
7 4 2
6 4 3
7 3 2 1
6 4 2 1

14
13 1
12 2
11 3
8 6
11 2 1
9 4 1
9 3 2
8 4 2
7 6 1
7 4 3
8 3 2 1
7 4 2 1
6 4 3 1

14 1
13 2
12 3
11 4
9 6
8 7
12 2 1
11 3 1
9 4 2
8 6 1
8 4 3
7 6 2
9 3 2 1
8 4 2 1
7 4 3 1
6 4 3 2

16
14 2
13 3
12 4
9 7
13 2 1
12 3 1
11 4 1
11 3 2
9 6 1
9 4 3
8 7 1
8 6 2
7 6 3
9 4 2 1
8 4 3 1
7 6 2 1
7 4 3 2
6 4 3 2 1

17
16 1
14 3
13 4
11 6
9 8
14 2 1
13 3 1
12 4 1
12 3 2
11 4 2
9 7 1
9 6 2
8 7 2
8 6 3
7 6 4
11 3 2 1
9 4 3 1
8 6 2 1
8 4 3 2
7 6 3 1
7 4 3 2 1

18
17 1
16 2
14 4
12 6
11 7
14 3 1
13 4 1
13 3 2
12 4 2
11 6 1
11 4 3
9 8 1
9 7 2
9 6 3
8 7 3
8 6 4
12 3 2 1
11 4 2 1
9 6 2 1
9 4 3 2
8 7 2 1
8 6 3 1
7 6 4 1
7 6 3 2
8 4 3 2 1

19
18 1
17 2
16 3
13 6
12 7
11 8
16 2 1
14 4 1
14 3 2
13 4 2
12 6 1
12 4 3
11 7 1
11 6 2
9 8 2
9 7 3
9 6 4
8 7 4
13 3 2 1
12 4 2 1
11 4 3 1
9 7 2 1
9 6 3 1
8 7 3 1
8 6 4 1
8 6 3 2
7 6 4 2
9 4 3 2 1
7 6 3 2 1

19 1
18 2
17 3
16 4
14 6
13 7
12 8
11 9
17 2 1
16 3 1
14 4 2
13 6 1
13 4 3
12 7 1
12 6 2
11 8 1
11 7 2
11 6 3
9 8 3
9 7 4
14 3 2 1
13 4 2 1
12 4 3 1
11 6 2 1
11 4 3 2
9 8 2 1
9 7 3 1
9 6 4 1
9 6 3 2
8 7 4 1
8 7 3 2
8 6 4 2
7 6 4 3
8 6 3 2 1
7 6 4 2 1

1 1 1 2 2 2 3 4 4 6 7 8 10 12 14 16 19 22 26 30 35
0 1 0 1 0 0 0 1 0 1 0 1 0 1 0 0 0 1 0 1 0
(mod  10 ): 1 3 7 9
