1 : 1
2 : 2
3 : 3
4 : 5
5 : 7
6 : 11
7 : 15
8 : 22
9 : 30
10 : 42
11 : 56
12 : 77
13 : 101
14 : 135
15 : 176
16 : 231
17 : 297
18 : 385
19 : 490
20 : 627
21 : 792
22 : 1002
23 : 1255
24 : 1575
25 : 1958
26 : 2436
27 : 3010
28 : 3718
29 : 4565
30 : 5604





3 2

3 2 1

4 2 1

4 3 1

4 3 2

6 4
4 3 2 1

6 4 1
6 3 2

7 3 2
6 4 2
6 3 2 1

8 3 2
6 4 3
7 3 2 1
6 4 2 1

9 3 2
7 4 3
8 3 2 1
7 4 2 1
6 4 3 1

8 7
9 3 2 1
8 4 2 1
7 4 3 1
6 4 3 2

11 3 2
8 7 1
7 6 3
9 4 2 1
8 4 3 1
7 4 3 2
6 4 3 2 1

12 3 2
8 7 2
7 6 4
11 3 2 1
9 4 3 1
8 4 3 2
7 6 3 1
7 4 3 2 1

13 3 2
8 7 3
8 6 4
12 3 2 1
11 4 2 1
9 4 3 2
8 7 2 1
7 6 4 1
7 6 3 2
8 4 3 2 1

14 3 2
9 6 4
8 7 4
13 3 2 1
12 4 2 1
11 4 3 1
8 7 3 1
8 6 4 1
8 6 3 2
7 6 4 2
9 4 3 2 1
7 6 3 2 1

11 9
14 3 2 1
13 4 2 1
12 4 3 1
11 4 3 2
9 6 4 1
9 6 3 2
8 7 4 1
8 7 3 2
8 6 4 2
7 6 4 3
8 6 3 2 1
7 6 4 2 1

16 3 2
11 9 1
11 6 4
8 7 6
14 4 2 1
13 4 3 1
12 4 3 2
9 7 3 2
9 6 4 2
8 7 4 2
8 6 4 3
11 4 3 2 1
9 6 3 2 1
8 7 3 2 1
8 6 4 2 1
7 6 4 3 1

17 3 2
12 6 4
11 9 2
9 7 6
16 3 2 1
14 4 3 1
13 4 3 2
11 6 4 1
11 6 3 2
9 8 3 2
9 6 4 3
8 7 6 1
8 7 4 3
12 4 3 2 1
9 7 3 2 1
9 6 4 2 1
8 7 4 2 1
8 6 4 3 1
7 6 4 3 2

18 3 2
13 6 4
11 9 3
9 8 6
17 3 2 1
16 4 2 1
14 4 3 2
12 6 4 1
12 6 3 2
11 9 2 1
11 7 3 2
11 6 4 2
9 7 6 1
9 7 4 3
8 7 6 2
13 4 3 2 1
11 6 3 2 1
9 8 3 2 1
9 7 4 2 1
9 6 4 3 1
8 7 4 3 1
8 6 4 3 2
7 6 4 3 2 1

19 3 2
14 6 4
11 9 4
9 8 7
18 3 2 1
17 4 2 1
16 4 3 1
13 6 4 1
13 6 3 2
12 7 3 2
12 6 4 2
11 9 3 1
11 8 3 2
11 6 4 3
9 8 6 1
9 7 6 2
8 7 6 3
14 4 3 2 1
12 6 3 2 1
11 7 3 2 1
11 6 4 2 1
9 8 4 2 1
9 7 4 3 1
9 6 4 3 2
8 7 6 2 1
8 7 4 3 2
8 6 4 3 2 1

13 12
19 3 2 1
18 4 2 1
17 4 3 1
16 4 3 2
14 6 4 1
14 6 3 2
13 7 3 2
13 6 4 2
12 8 3 2
12 6 4 3
11 9 4 1
11 9 3 2
11 7 4 3
9 8 7 1
9 8 6 2
9 7 6 3
8 7 6 4
13 6 3 2 1
12 7 3 2 1
12 6 4 2 1
11 8 3 2 1
11 7 4 2 1
11 6 4 3 1
9 8 4 3 1
9 7 6 2 1
9 7 4 3 2
8 7 6 3 1
9 6 4 3 2 1
8 7 4 3 2 1

21 3 2
16 6 4
13 12 1
11 9 6
11 8 7
19 4 2 1
18 4 3 1
17 4 3 2
14 7 3 2
14 6 4 2
13 8 3 2
13 6 4 3
12 9 3 2
12 7 4 3
11 9 4 2
9 8 7 2
9 8 6 3
9 7 6 4
16 4 3 2 1
14 6 3 2 1
13 7 3 2 1
13 6 4 2 1
12 8 3 2 1
12 7 4 2 1
12 6 4 3 1
11 9 3 2 1
11 8 4 2 1
11 7 4 3 1
11 6 4 3 2
9 8 6 2 1
9 8 4 3 2
9 7 6 3 1
8 7 6 4 1
8 7 6 3 2
9 7 4 3 2 1

22 3 2
17 6 4
13 12 2
12 8 7
11 9 7
21 3 2 1
19 4 3 1
18 4 3 2
16 6 4 1
16 6 3 2
14 8 3 2
14 6 4 3
13 9 3 2
13 7 4 3
11 9 6 1
11 9 4 3
11 8 7 1
11 7 6 3
9 8 7 3
9 8 6 4
17 4 3 2 1
14 7 3 2 1
14 6 4 2 1
13 8 3 2 1
13 7 4 2 1
13 6 4 3 1
12 9 3 2 1
12 8 4 2 1
12 7 4 3 1
12 6 4 3 2
11 9 4 2 1
11 8 4 3 1
11 7 4 3 2
9 8 7 2 1
9 8 6 3 1
9 7 6 4 1
9 7 6 3 2
8 7 6 4 2
11 6 4 3 2 1
9 8 4 3 2 1
8 7 6 3 2 1

23 3 2
18 6 4
13 12 3
13 8 7
11 9 8
22 3 2 1
21 4 2 1
19 4 3 2
17 6 4 1
17 6 3 2
16 7 3 2
16 6 4 2
14 9 3 2
14 7 4 3
13 12 2 1
12 11 3 2
12 8 7 1
12 7 6 3
11 9 7 1
11 9 6 2
11 8 7 2
11 7 6 4
9 8 7 4
18 4 3 2 1
16 6 3 2 1
14 8 3 2 1
14 7 4 2 1
14 6 4 3 1
13 9 3 2 1
13 8 4 2 1
13 7 4 3 1
13 6 4 3 2
12 9 4 2 1
12 8 4 3 1
12 7 4 3 2
11 9 4 3 1
11 8 4 3 2
11 7 6 3 1
9 8 7 3 1
9 8 6 4 1
9 8 6 3 2
9 7 6 4 2
8 7 6 4 3
12 6 4 3 2 1
11 7 4 3 2 1
9 7 6 3 2 1
8 7 6 4 2 1

24 3 2
19 6 4
14 8 7
13 12 4
12 9 8
23 3 2 1
22 4 2 1
21 4 3 1
18 6 4 1
18 6 3 2
17 7 3 2
17 6 4 2
16 8 3 2
16 6 4 3
13 12 3 1
13 11 3 2
13 8 7 1
13 7 6 3
12 8 7 2
12 7 6 4
11 9 8 1
11 9 7 2
11 9 6 3
11 8 7 3
11 8 6 4
19 4 3 2 1
17 6 3 2 1
16 7 3 2 1
16 6 4 2 1
14 9 3 2 1
14 8 4 2 1
14 7 4 3 1
14 6 4 3 2
13 9 4 2 1
13 8 4 3 1
13 7 4 3 2
12 11 3 2 1
12 9 4 3 1
12 8 4 3 2
12 7 6 3 1
11 9 6 2 1
11 9 4 3 2
11 8 7 2 1
11 7 6 4 1
11 7 6 3 2
9 8 7 4 1
9 8 7 3 2
9 8 6 4 2
9 7 6 4 3
13 6 4 3 2 1
12 7 4 3 2 1
11 8 4 3 2 1
9 8 6 3 2 1
9 7 6 4 2 1
8 7 6 4 3 1

16 14
24 3 2 1
23 4 2 1
22 4 3 1
21 4 3 2
19 6 4 1
19 6 3 2
18 7 3 2
18 6 4 2
17 8 3 2
17 6 4 3
16 9 3 2
16 7 4 3
14 11 3 2
14 8 7 1
14 7 6 3
13 12 4 1
13 12 3 2
13 8 7 2
13 7 6 4
12 9 8 1
12 8 7 3
12 8 6 4
11 9 8 2
11 9 7 3
11 9 6 4
11 8 7 4
9 8 7 6
18 6 3 2 1
17 7 3 2 1
17 6 4 2 1
16 8 3 2 1
16 7 4 2 1
16 6 4 3 1
14 9 4 2 1
14 8 4 3 1
14 7 4 3 2
13 11 3 2 1
13 9 4 3 1
13 8 4 3 2
13 7 6 3 1
12 11 4 2 1
12 9 4 3 2
12 8 7 2 1
12 7 6 4 1
12 7 6 3 2
11 9 7 2 1
11 9 6 3 1
11 8 7 3 1
11 8 6 4 1
11 8 6 3 2
11 7 6 4 2
9 8 7 4 2
9 8 6 4 3
14 6 4 3 2 1
13 7 4 3 2 1
12 8 4 3 2 1
11 9 4 3 2 1
11 7 6 3 2 1
9 8 7 3 2 1
9 8 6 4 2 1
9 7 6 4 3 1
8 7 6 4 3 2

0 0 0 0 0 1 1 1 1 1 2 2 3 4 5 5 7 8 10 12 13 16 19 23 27 30 35 41 47 55 63
0 0 0 0 0 1 1 1 1 1 1 1 1 2 2 1 2 2 1 1 -1 -1 -2 -2 -4 -4 -6 -5 -7 -5 -6
