0

1

2

2 1

4

5
4 1

5 1
4 2

7
5 2
4 2 1

8
7 1
5 2 1

8 1
7 2
5 4

10
8 2
7 2 1
5 4 1

11
10 1
7 4
8 2 1
5 4 2

11 1
10 2
8 4
7 5
7 4 1
5 4 2 1

13
11 2
8 5
10 2 1
8 4 1
7 5 1
7 4 2

14
13 1
10 4
11 2 1
8 5 1
8 4 2
7 5 2
7 4 2 1

14 1
13 2
11 4
10 5
8 7
10 4 1
8 5 2
8 4 2 1
7 5 2 1

16
14 2
11 5
13 2 1
11 4 1
10 5 1
10 4 2
8 7 1
7 5 4
8 5 2 1

17
16 1
13 4
10 7
14 2 1
11 5 1
11 4 2
10 5 2
8 7 2
8 5 4
10 4 2 1
7 5 4 1

17 1
16 2
14 4
13 5
11 7
10 8
13 4 1
11 5 2
10 7 1
11 4 2 1
10 5 2 1
8 7 2 1
8 5 4 1
7 5 4 2

19
17 2
14 5
11 8
16 2 1
14 4 1
13 5 1
13 4 2
11 7 1
10 8 1
10 7 2
10 5 4
8 7 4
11 5 2 1
8 5 4 2
7 5 4 2 1

20
19 1
16 4
13 7
17 2 1
14 5 1
14 4 2
13 5 2
11 8 1
11 7 2
11 5 4
10 8 2
8 7 5
13 4 2 1
10 7 2 1
10 5 4 1
8 7 4 1
8 5 4 2 1

20 1
19 2
17 4
16 5
14 7
13 8
11 10
16 4 1
14 5 2
13 7 1
11 8 2
10 7 4
14 4 2 1
13 5 2 1
11 7 2 1
11 5 4 1
10 8 2 1
10 5 4 2
8 7 5 1
8 7 4 2

22
20 2
17 5
14 8
19 2 1
17 4 1
16 5 1
16 4 2
14 7 1
13 8 1
13 7 2
13 5 4
11 10 1
11 7 4
10 8 4
10 7 5
14 5 2 1
11 8 2 1
11 5 4 2
10 7 4 1
8 7 5 2
10 5 4 2 1
8 7 4 2 1

23
22 1
19 4
16 7
13 10
20 2 1
17 5 1
17 4 2
16 5 2
14 8 1
14 7 2
14 5 4
13 8 2
11 10 2
11 8 4
11 7 5
10 8 5
16 4 2 1
13 7 2 1
13 5 4 1
11 7 4 1
10 8 4 1
10 7 5 1
10 7 4 2
11 5 4 2 1
8 7 5 2 1

23 1
22 2
20 4
19 5
17 7
16 8
14 10
13 11
19 4 1
17 5 2
16 7 1
14 8 2
13 10 1
13 7 4
11 8 5
17 4 2 1
16 5 2 1
14 7 2 1
14 5 4 1
13 8 2 1
13 5 4 2
11 10 2 1
11 8 4 1
11 7 5 1
11 7 4 2
10 8 5 1
10 8 4 2
10 7 5 2
8 7 5 4
10 7 4 2 1

25
23 2
20 5
17 8
14 11
22 2 1
20 4 1
19 5 1
19 4 2
17 7 1
16 8 1
16 7 2
16 5 4
14 10 1
14 7 4
13 11 1
13 10 2
13 8 4
13 7 5
11 10 4
10 8 7
17 5 2 1
14 8 2 1
14 5 4 2
13 7 4 1
11 8 5 1
11 8 4 2
11 7 5 2
10 8 5 2
13 5 4 2 1
11 7 4 2 1
10 8 4 2 1
10 7 5 2 1
8 7 5 4 1

26
25 1
22 4
19 7
16 10
23 2 1
20 5 1
20 4 2
19 5 2
17 8 1
17 7 2
17 5 4
16 8 2
14 11 1
14 10 2
14 8 4
14 7 5
13 11 2
13 8 5
11 10 5
11 8 7
19 4 2 1
16 7 2 1
16 5 4 1
14 7 4 1
13 10 2 1
13 8 4 1
13 7 5 1
13 7 4 2
11 10 4 1
11 8 5 2
10 8 7 1
10 7 5 4
14 5 4 2 1
11 8 4 2 1
11 7 5 2 1
10 8 5 2 1
8 7 5 4 2

26 1
25 2
23 4
22 5
20 7
19 8
17 10
16 11
14 13
22 4 1
20 5 2
19 7 1
17 8 2
16 10 1
16 7 4
14 11 2
14 8 5
13 10 4
20 4 2 1
19 5 2 1
17 7 2 1
17 5 4 1
16 8 2 1
16 5 4 2
14 10 2 1
14 8 4 1
14 7 5 1
14 7 4 2
13 11 2 1
13 8 5 1
13 8 4 2
13 7 5 2
11 10 5 1
11 10 4 2
11 8 7 1
11 7 5 4
10 8 7 2
10 8 5 4
13 7 4 2 1
11 8 5 2 1
10 7 5 4 1
8 7 5 4 2 1

28
26 2
23 5
20 8
17 11
25 2 1
23 4 1
22 5 1
22 4 2
20 7 1
19 8 1
19 7 2
19 5 4
17 10 1
17 7 4
16 11 1
16 10 2
16 8 4
16 7 5
14 13 1
14 10 4
13 11 4
13 10 5
13 8 7
11 10 7
20 5 2 1
17 8 2 1
17 5 4 2
16 7 4 1
14 11 2 1
14 8 5 1
14 8 4 2
14 7 5 2
13 10 4 1
13 8 5 2
11 10 5 2
11 8 7 2
11 8 5 4
16 5 4 2 1
14 7 4 2 1
13 8 4 2 1
13 7 5 2 1
11 10 4 2 1
11 7 5 4 1
10 8 7 2 1
10 8 5 4 1
10 7 5 4 2

29
28 1
25 4
22 7
19 10
16 13
26 2 1
23 5 1
23 4 2
22 5 2
20 8 1
20 7 2
20 5 4
19 8 2
17 11 1
17 10 2
17 8 4
17 7 5
16 11 2
16 8 5
14 13 2
14 11 4
14 10 5
14 8 7
13 11 5
11 10 8
22 4 2 1
19 7 2 1
19 5 4 1
17 7 4 1
16 10 2 1
16 8 4 1
16 7 5 1
16 7 4 2
14 10 4 1
14 8 5 2
13 11 4 1
13 10 5 1
13 10 4 2
13 8 7 1
13 7 5 4
11 10 7 1
10 8 7 4
17 5 4 2 1
14 8 4 2 1
14 7 5 2 1
13 8 5 2 1
11 10 5 2 1
11 8 7 2 1
11 8 5 4 1
11 7 5 4 2
10 8 5 4 2
10 7 5 4 2 1

29 1
28 2
26 4
25 5
23 7
22 8
20 10
19 11
17 13
16 14
25 4 1
23 5 2
22 7 1
20 8 2
19 10 1
19 7 4
17 11 2
17 8 5
16 13 1
16 10 4
14 11 5
13 10 7
23 4 2 1
22 5 2 1
20 7 2 1
20 5 4 1
19 8 2 1
19 5 4 2
17 10 2 1
17 8 4 1
17 7 5 1
17 7 4 2
16 11 2 1
16 8 5 1
16 8 4 2
16 7 5 2
14 13 2 1
14 11 4 1
14 10 5 1
14 10 4 2
14 8 7 1
14 7 5 4
13 11 5 1
13 11 4 2
13 10 5 2
13 8 7 2
13 8 5 4
11 10 8 1
11 10 7 2
11 10 5 4
11 8 7 4
10 8 7 5
16 7 4 2 1
14 8 5 2 1
13 10 4 2 1
13 7 5 4 1
11 8 5 4 2
10 8 7 4 1
11 7 5 4 2 1
10 8 5 4 2 1

1 1 1 1 1 2 2 3 3 3 4 5 6 7 8 9 10 12 14 16 18 20 23 26 30 34 38 42 47 53 60
0 1 0 0 0 1 0 1 0 0 0 1 0 1 0 0 0 1 0 1 0 0 0 1 0 1 0 0 0 1 0
(mod  6 ): 1 5
