0

1

2

3

4

5
4 1

6
4 2

7
5 2
4 3

8
7 1
5 3

9
8 1
7 2

10
9 1
8 2
7 3

11
10 1
9 2
8 3
7 4

12
11 1
10 2
9 3
7 5
7 4 1

13
12 1
11 2
10 3
8 5
7 6
7 4 2

14
13 1
12 2
11 3
10 4
8 6
7 5 2
7 4 3

15
14 1
13 2
12 3
11 4
10 5
10 4 1
8 5 2
7 5 3

16
15 1
14 2
13 3
12 4
11 5
10 6
11 4 1
10 4 2
8 5 3

17
16 1
15 2
14 3
13 4
12 5
11 6
10 7
12 4 1
11 4 2
10 5 2
10 4 3

18
17 1
16 2
15 3
14 4
13 5
12 6
10 8
13 4 1
12 4 2
11 5 2
11 4 3
10 7 1
10 5 3

19
18 1
17 2
16 3
15 4
14 5
13 6
11 8
10 9
14 4 1
13 4 2
12 5 2
12 4 3
11 5 3
10 8 1
10 7 2

20
19 1
18 2
17 3
16 4
15 5
14 6
13 7
11 9
15 4 1
14 4 2
13 5 2
13 4 3
12 5 3
11 8 1
10 9 1
10 8 2
10 7 3

21
20 1
19 2
18 3
17 4
16 5
15 6
14 7
13 8
16 4 1
15 4 2
14 5 2
14 4 3
13 7 1
13 5 3
11 9 1
11 8 2
10 9 2
10 8 3
10 7 4

22
21 1
20 2
19 3
18 4
17 5
16 6
15 7
14 8
13 9
17 4 1
16 4 2
15 5 2
15 4 3
14 7 1
14 5 3
13 8 1
13 7 2
11 9 2
11 8 3
10 9 3
10 7 5
10 7 4 1

23
22 1
21 2
20 3
19 4
18 5
17 6
16 7
15 8
14 9
13 10
18 4 1
17 4 2
16 5 2
16 4 3
15 7 1
15 5 3
14 8 1
14 7 2
13 9 1
13 8 2
13 7 3
11 9 3
10 8 5
10 7 6
10 7 4 2

24
23 1
22 2
21 3
20 4
19 5
18 6
17 7
16 8
15 9
13 11
19 4 1
18 4 2
17 5 2
17 4 3
16 7 1
16 5 3
15 8 1
15 7 2
14 9 1
14 8 2
14 7 3
13 10 1
13 9 2
13 8 3
13 7 4
11 8 5
10 8 6
10 7 5 2
10 7 4 3

25
24 1
23 2
22 3
21 4
20 5
19 6
18 7
17 8
16 9
14 11
13 12
20 4 1
19 4 2
18 5 2
18 4 3
17 7 1
17 5 3
16 8 1
16 7 2
15 9 1
15 8 2
15 7 3
14 9 2
14 8 3
14 7 4
13 11 1
13 10 2
13 9 3
13 7 5
11 8 6
13 7 4 1
10 8 5 2
10 7 5 3

26
25 1
24 2
23 3
22 4
21 5
20 6
19 7
18 8
17 9
16 10
14 12
21 4 1
20 4 2
19 5 2
19 4 3
18 7 1
18 5 3
17 8 1
17 7 2
16 9 1
16 8 2
16 7 3
15 9 2
15 8 3
15 7 4
14 11 1
14 9 3
14 7 5
13 12 1
13 11 2
13 10 3
13 8 5
13 7 6
14 7 4 1
13 7 4 2
11 8 5 2
10 8 5 3

27
26 1
25 2
24 3
23 4
22 5
21 6
20 7
19 8
18 9
17 10
16 11
22 4 1
21 4 2
20 5 2
20 4 3
19 7 1
19 5 3
18 8 1
18 7 2
17 9 1
17 8 2
17 7 3
16 10 1
16 9 2
16 8 3
16 7 4
15 9 3
15 7 5
14 12 1
14 11 2
14 8 5
14 7 6
13 12 2
13 11 3
13 10 4
13 8 6
15 7 4 1
14 7 4 2
13 7 5 2
13 7 4 3
11 8 5 3

28
27 1
26 2
25 3
24 4
23 5
22 6
21 7
20 8
19 9
18 10
17 11
16 12
23 4 1
22 4 2
21 5 2
21 4 3
20 7 1
20 5 3
19 8 1
19 7 2
18 9 1
18 8 2
18 7 3
17 10 1
17 9 2
17 8 3
17 7 4
16 11 1
16 10 2
16 9 3
16 7 5
15 8 5
15 7 6
14 12 2
14 11 3
14 8 6
13 12 3
13 11 4
13 10 5
16 7 4 1
15 7 4 2
14 7 5 2
14 7 4 3
13 10 4 1
13 8 5 2
13 7 5 3

29
28 1
27 2
26 3
25 4
24 5
23 6
22 7
21 8
20 9
19 10
18 11
17 12
16 13
24 4 1
23 4 2
22 5 2
22 4 3
21 7 1
21 5 3
20 8 1
20 7 2
19 9 1
19 8 2
19 7 3
18 10 1
18 9 2
18 8 3
18 7 4
17 11 1
17 10 2
17 9 3
17 7 5
16 12 1
16 11 2
16 10 3
16 8 5
16 7 6
15 8 6
14 12 3
14 11 4
13 12 4
13 11 5
13 10 6
17 7 4 1
16 7 4 2
15 7 5 2
15 7 4 3
14 8 5 2
14 7 5 3
13 11 4 1
13 10 4 2
13 8 5 3

30
29 1
28 2
27 3
26 4
25 5
24 6
23 7
22 8
21 9
20 10
19 11
18 12
16 14
25 4 1
24 4 2
23 5 2
23 4 3
22 7 1
22 5 3
21 8 1
21 7 2
20 9 1
20 8 2
20 7 3
19 10 1
19 9 2
19 8 3
19 7 4
18 11 1
18 10 2
18 9 3
18 7 5
17 12 1
17 11 2
17 10 3
17 8 5
17 7 6
16 13 1
16 12 2
16 11 3
16 10 4
16 8 6
14 12 4
14 11 5
13 12 5
13 11 6
13 10 7
18 7 4 1
17 7 4 2
16 7 5 2
16 7 4 3
15 8 5 2
15 7 5 3
14 11 4 1
14 8 5 3
13 12 4 1
13 11 4 2
13 10 5 2
13 10 4 3

1 1 1 1 1 2 2 3 3 3 4 5 6 7 8 9 10 12 14 16 18 20 23 26 30 34 38 42 47 53 60
0 1 0 0 0 1 0 1 0 0 0 1 0 1 0 0 0 1 0 1 0 0 0 1 0 1 0 0 0 1 0
(mod  6 ): 1 5
