params:(sp,dist,diff,A,B,C,D):1 1 0 1 0 0 3
周期6
1 1 1 2 2 3 5 6 7 10 12 15 21 25 30 39 46 56 72 85 101 125 147 175 215 252 296 356 415 487 582
0 1 0 1 0 1 1 1 0 1 0 1 1 1 0 1 0 1 1 1 0 1 0 1 1 1 0 1 0 1 1
params:(sp,dist,diff,A,B,C,D):1 1 0 1 0 1 3
周期6
1 1 1 2 3 4 5 7 9 12 16 20 25 32 40 50 62 76 93 114 139 168 203 244 292 350 417 495 587 694 819
0 1 0 1 1 1 0 1 0 1 1 1 0 1 0 1 1 1 0 1 0 1 1 1 0 1 0 1 1 1 0
params:(sp,dist,diff,A,B,C,D):1 1 0 1 0 2 3
周期6
1 1 2 3 4 6 8 11 15 20 26 34 43 55 70 88 110 137 169 208 255 311 378 458 552 664 796 951 1134 1348 1598
0 1 1 1 0 1 0 1 1 1 0 1 0 1 1 1 0 1 0 1 1 1 0 1 0 1 1 1 0 1 0
params:(sp,dist,diff,A,B,C,D):1 1 0 2 0 0 2
周期6
1 1 2 2 4 5 8 10 15 18 26 32 45 55 74 90 119 145 188 228 291 351 442 532 664 796 982 1172 1435 1708 2076
0 1 1 0 1 1 1 1 1 0 1 1 1 1 1 0 1 1 1 1 1 0 1 1 1 1 1 0 1 1 1
params:(sp,dist,diff,A,B,C,D):1 1 0 2 0 1 2
周期6
1 1 2 3 5 7 10 14 20 27 37 49 65 85 111 143 184 234 297 374 470 586 729 902 1113 1367 1674 2042 2485 3013 3645
0 1 1 1 1 1 0 1 1 1 1 1 0 1 1 1 1 1 0 1 1 1 1 1 0 1 1 1 1 1 0
params:(sp,dist,diff,A,B,C,D):1 1 0 2 0 1 3
周期3
1 1 2 2 4 5 7 9 13 16 22 27 36 44 57 70 89 108 135 163 202 243 297 355 431 513 617 731 874 1031 1225
0 1 1 0 1 1 0 1 1 0 1 1 0 1 1 0 1 1 0 1 1 0 1 1 0 1 1 0 1 1 0
params:(sp,dist,diff,A,B,C,D):1 1 0 2 0 2 3
周期3
1 1 2 2 4 5 7 9 13 16 22 27 36 44 57 70 89 108 135 163 202 243 297 355 431 513 617 731 874 1031 1225
0 1 1 0 1 1 0 1 1 0 1 1 0 1 1 0 1 1 0 1 1 0 1 1 0 1 1 0 1 1 0
params:(sp,dist,diff,A,B,C,D):1 1 0 3 0 0 3
周期12
1 1 2 3 4 6 9 12 16 22 29 38 51 65 84 108 136 172 217 270 336 417 513 630 774 942 1146 1391 1679 2024 2436
0 1 1 1 0 1 1 1 0 1 1 1 1 1 1 1 0 1 1 1 0 1 1 1 1 1 1 1 0 1 1
params:(sp,dist,diff,A,B,C,D):1 1 0 3 0 1 2
周期4
1 1 2 3 4 6 9 12 16 22 29 38 50 64 82 105 132 166 208 258 320 395 484 592 722 876 1060 1280 1539 1846 2210
0 1 1 1 0 1 1 1 0 1 1 1 0 1 1 1 0 1 1 1 0 1 1 1 0 1 1 1 0 1 1
params:(sp,dist,diff,A,B,C,D):1 1 0 3 0 1 3
周期12
1 1 2 3 5 7 11 15 21 29 40 53 71 93 122 158 204 260 332 419 528 661 825 1023 1266 1559 1914 2341 2856 3470 4208
0 1 1 1 1 1 1 1 0 1 1 1 0 1 1 1 1 1 1 1 0 1 1 1 0 1 1 1 1 1 1
params:(sp,dist,diff,A,B,C,D):1 1 0 3 0 2 3
周期12
1 1 2 3 4 6 9 12 17 23 31 41 54 70 91 117 149 189 239 299 375 466 577 712 875 1071 1308 1591 1930 2334 2816
0 1 1 1 0 1 1 1 1 1 1 1 0 1 1 1 0 1 1 1 1 1 1 1 0 1 1 1 0 1 1
params:(sp,dist,diff,A,B,C,D):1 1 0 3 1 1 2
周期10
1 1 2 3 4 6 8 11 15 20 26 34 44 56 71 90 112 140 174 214 263 322 392 476 576 694 834 1000 1194 1423 1692
0 1 1 1 0 1 0 1 1 1 0 1 1 1 0 1 0 1 1 1 0 1 1 1 0 1 0 1 1 1 0
params:(sp,dist,diff,A,B,C,D):1 1 1 1 1 0 2
周期5
1 1 1 1 2 2 3 3 4 5 6 7 9 10 12 14 17 19 23 26 31 35 41 46 54 61 70 79 91 102 117
0 1 0 0 1 0 1 0 0 1 0 1 0 0 1 0 1 0 0 1 0 1 0 0 1 0 1 0 0 1 0
params:(sp,dist,diff,A,B,C,D):1 1 1 1 2 0 2
周期5
1 1 1 1 2 2 3 3 4 5 6 7 9 10 12 14 17 19 23 26 31 35 41 46 54 61 70 79 91 102 117
0 1 0 0 1 0 1 0 0 1 0 1 0 0 1 0 1 0 0 1 0 1 0 0 1 0 1 0 0 1 0
params:(sp,dist,diff,A,B,C,D):1 1 2 1 0 0 1
周期5
1 1 1 1 2 2 3 3 4 5 6 7 9 10 12 14 17 19 23 26 31 35 41 46 54 61 70 79 91 102 117
0 1 0 0 1 0 1 0 0 1 0 1 0 0 1 0 1 0 0 1 0 1 0 0 1 0 1 0 0 1 0
params:(sp,dist,diff,A,B,C,D):1 1 2 1 0 0 2
周期5
1 1 1 1 2 2 3 3 4 5 6 7 9 10 12 14 17 19 23 26 31 35 41 46 54 61 70 79 91 102 117
0 1 0 0 1 0 1 0 0 1 0 1 0 0 1 0 1 0 0 1 0 1 0 0 1 0 1 0 0 1 0
params:(sp,dist,diff,A,B,C,D):1 1 2 1 0 0 3
周期5
1 1 1 1 2 2 3 3 4 5 6 7 9 10 12 14 17 19 23 26 31 35 41 46 54 61 70 79 91 102 117
0 1 0 0 1 0 1 0 0 1 0 1 0 0 1 0 1 0 0 1 0 1 0 0 1 0 1 0 0 1 0
params:(sp,dist,diff,A,B,C,D):1 1 2 1 0 1 2
周期5
1 1 1 1 2 2 3 3 4 5 6 7 9 10 12 14 17 19 23 26 31 35 41 46 54 61 70 79 91 102 117
0 1 0 0 1 0 1 0 0 1 0 1 0 0 1 0 1 0 0 1 0 1 0 0 1 0 1 0 0 1 0
params:(sp,dist,diff,A,B,C,D):1 1 2 1 0 1 3
周期5
1 1 1 1 2 2 3 3 4 5 6 7 9 10 12 14 17 19 23 26 31 35 41 46 54 61 70 79 91 102 117
0 1 0 0 1 0 1 0 0 1 0 1 0 0 1 0 1 0 0 1 0 1 0 0 1 0 1 0 0 1 0
params:(sp,dist,diff,A,B,C,D):1 1 2 1 0 2 3
周期5
1 1 1 1 2 2 3 3 4 5 6 7 9 10 12 14 17 19 23 26 31 35 41 46 54 61 70 79 91 102 117
0 1 0 0 1 0 1 0 0 1 0 1 0 0 1 0 1 0 0 1 0 1 0 0 1 0 1 0 0 1 0
params:(sp,dist,diff,A,B,C,D):1 1 2 1 1 0 1
周期5
1 1 1 1 2 2 3 3 4 5 6 7 9 10 12 14 17 19 23 26 31 35 41 46 54 61 70 79 91 102 117
0 1 0 0 1 0 1 0 0 1 0 1 0 0 1 0 1 0 0 1 0 1 0 0 1 0 1 0 0 1 0
params:(sp,dist,diff,A,B,C,D):1 1 2 1 1 0 2
周期5
1 1 1 1 2 2 3 3 4 5 6 7 9 10 12 14 17 19 23 26 31 35 41 46 54 61 70 79 91 102 117
0 1 0 0 1 0 1 0 0 1 0 1 0 0 1 0 1 0 0 1 0 1 0 0 1 0 1 0 0 1 0
params:(sp,dist,diff,A,B,C,D):1 1 2 1 1 0 3
周期5
1 1 1 1 2 2 3 3 4 5 6 7 9 10 12 14 17 19 23 26 31 35 41 46 54 61 70 79 91 102 117
0 1 0 0 1 0 1 0 0 1 0 1 0 0 1 0 1 0 0 1 0 1 0 0 1 0 1 0 0 1 0
params:(sp,dist,diff,A,B,C,D):1 1 2 1 1 1 2
周期5
1 1 1 1 2 2 3 3 4 5 6 7 9 10 12 14 17 19 23 26 31 35 41 46 54 61 70 79 91 102 117
0 1 0 0 1 0 1 0 0 1 0 1 0 0 1 0 1 0 0 1 0 1 0 0 1 0 1 0 0 1 0
params:(sp,dist,diff,A,B,C,D):1 1 2 1 1 1 3
周期5
1 1 1 1 2 2 3 3 4 5 6 7 9 10 12 14 17 19 23 26 31 35 41 46 54 61 70 79 91 102 117
0 1 0 0 1 0 1 0 0 1 0 1 0 0 1 0 1 0 0 1 0 1 0 0 1 0 1 0 0 1 0
params:(sp,dist,diff,A,B,C,D):1 1 2 1 1 2 3
周期5
1 1 1 1 2 2 3 3 4 5 6 7 9 10 12 14 17 19 23 26 31 35 41 46 54 61 70 79 91 102 117
0 1 0 0 1 0 1 0 0 1 0 1 0 0 1 0 1 0 0 1 0 1 0 0 1 0 1 0 0 1 0
params:(sp,dist,diff,A,B,C,D):1 1 2 1 2 0 1
周期5
1 1 1 1 2 2 3 3 4 5 6 7 9 10 12 14 17 19 23 26 31 35 41 46 54 61 70 79 91 102 117
0 1 0 0 1 0 1 0 0 1 0 1 0 0 1 0 1 0 0 1 0 1 0 0 1 0 1 0 0 1 0
params:(sp,dist,diff,A,B,C,D):1 1 2 1 2 0 2
周期5
1 1 1 1 2 2 3 3 4 5 6 7 9 10 12 14 17 19 23 26 31 35 41 46 54 61 70 79 91 102 117
0 1 0 0 1 0 1 0 0 1 0 1 0 0 1 0 1 0 0 1 0 1 0 0 1 0 1 0 0 1 0
params:(sp,dist,diff,A,B,C,D):1 1 2 1 3 0 1
周期5
1 1 1 1 2 2 3 3 4 5 6 7 9 10 12 14 17 19 23 26 31 35 41 46 54 61 70 79 91 102 117
0 1 0 0 1 0 1 0 0 1 0 1 0 0 1 0 1 0 0 1 0 1 0 0 1 0 1 0 0 1 0
params:(sp,dist,diff,A,B,C,D):1 1 2 2 0 0 1
周期5
1 1 1 1 2 2 3 3 4 5 6 7 9 10 12 14 17 19 23 26 31 35 41 46 54 61 70 79 91 102 117
0 1 0 0 1 0 1 0 0 1 0 1 0 0 1 0 1 0 0 1 0 1 0 0 1 0 1 0 0 1 0
params:(sp,dist,diff,A,B,C,D):1 1 2 2 0 0 2
周期5
1 1 1 1 2 2 3 3 4 5 6 7 9 10 12 14 17 19 23 26 31 35 41 46 54 61 70 79 91 102 117
0 1 0 0 1 0 1 0 0 1 0 1 0 0 1 0 1 0 0 1 0 1 0 0 1 0 1 0 0 1 0
params:(sp,dist,diff,A,B,C,D):1 1 2 2 0 0 3
周期5
1 1 1 1 2 2 3 3 4 5 6 7 9 10 12 14 17 19 23 26 31 35 41 46 54 61 70 79 91 102 117
0 1 0 0 1 0 1 0 0 1 0 1 0 0 1 0 1 0 0 1 0 1 0 0 1 0 1 0 0 1 0
params:(sp,dist,diff,A,B,C,D):1 1 2 2 0 1 2
周期5
1 1 1 1 2 2 3 3 4 5 6 7 9 10 12 14 17 19 23 26 31 35 41 46 54 61 70 79 91 102 117
0 1 0 0 1 0 1 0 0 1 0 1 0 0 1 0 1 0 0 1 0 1 0 0 1 0 1 0 0 1 0
params:(sp,dist,diff,A,B,C,D):1 1 2 2 0 1 3
周期5
1 1 1 1 2 2 3 3 4 5 6 7 9 10 12 14 17 19 23 26 31 35 41 46 54 61 70 79 91 102 117
0 1 0 0 1 0 1 0 0 1 0 1 0 0 1 0 1 0 0 1 0 1 0 0 1 0 1 0 0 1 0
params:(sp,dist,diff,A,B,C,D):1 1 2 2 0 2 3
周期5
1 1 1 1 2 2 3 3 4 5 6 7 9 10 12 14 17 19 23 26 31 35 41 46 54 61 70 79 91 102 117
0 1 0 0 1 0 1 0 0 1 0 1 0 0 1 0 1 0 0 1 0 1 0 0 1 0 1 0 0 1 0
params:(sp,dist,diff,A,B,C,D):1 1 2 2 1 0 1
周期5
1 1 1 1 2 2 3 3 4 5 6 7 9 10 12 14 17 19 23 26 31 35 41 46 54 61 70 79 91 102 117
0 1 0 0 1 0 1 0 0 1 0 1 0 0 1 0 1 0 0 1 0 1 0 0 1 0 1 0 0 1 0
params:(sp,dist,diff,A,B,C,D):1 1 2 2 1 0 2
周期5
1 1 1 1 2 2 3 3 4 5 6 7 9 10 12 14 17 19 23 26 31 35 41 46 54 61 70 79 91 102 117
0 1 0 0 1 0 1 0 0 1 0 1 0 0 1 0 1 0 0 1 0 1 0 0 1 0 1 0 0 1 0
params:(sp,dist,diff,A,B,C,D):1 1 2 2 1 0 3
周期5
1 1 1 1 2 2 3 3 4 5 6 7 9 10 12 14 17 19 23 26 31 35 41 46 54 61 70 79 91 102 117
0 1 0 0 1 0 1 0 0 1 0 1 0 0 1 0 1 0 0 1 0 1 0 0 1 0 1 0 0 1 0
params:(sp,dist,diff,A,B,C,D):1 1 2 2 1 1 2
周期5
1 1 1 1 2 2 3 3 4 5 6 7 9 10 12 14 17 19 23 26 31 35 41 46 54 61 70 79 91 102 117
0 1 0 0 1 0 1 0 0 1 0 1 0 0 1 0 1 0 0 1 0 1 0 0 1 0 1 0 0 1 0
params:(sp,dist,diff,A,B,C,D):1 1 2 2 1 1 3
周期5
1 1 1 1 2 2 3 3 4 5 6 7 9 10 12 14 17 19 23 26 31 35 41 46 54 61 70 79 91 102 117
0 1 0 0 1 0 1 0 0 1 0 1 0 0 1 0 1 0 0 1 0 1 0 0 1 0 1 0 0 1 0
params:(sp,dist,diff,A,B,C,D):1 1 2 2 1 2 3
周期5
1 1 1 1 2 2 3 3 4 5 6 7 9 10 12 14 17 19 23 26 31 35 41 46 54 61 70 79 91 102 117
0 1 0 0 1 0 1 0 0 1 0 1 0 0 1 0 1 0 0 1 0 1 0 0 1 0 1 0 0 1 0
params:(sp,dist,diff,A,B,C,D):1 1 2 2 2 0 1
周期5
1 1 1 1 2 2 3 3 4 5 6 7 9 10 12 14 17 19 23 26 31 35 41 46 54 61 70 79 91 102 117
0 1 0 0 1 0 1 0 0 1 0 1 0 0 1 0 1 0 0 1 0 1 0 0 1 0 1 0 0 1 0
params:(sp,dist,diff,A,B,C,D):1 1 2 2 2 0 2
周期5
1 1 1 1 2 2 3 3 4 5 6 7 9 10 12 14 17 19 23 26 31 35 41 46 54 61 70 79 91 102 117
0 1 0 0 1 0 1 0 0 1 0 1 0 0 1 0 1 0 0 1 0 1 0 0 1 0 1 0 0 1 0
params:(sp,dist,diff,A,B,C,D):1 1 2 2 2 0 3
周期5
1 1 1 1 2 2 3 3 4 5 6 7 9 10 12 14 17 19 23 26 31 35 41 46 54 61 70 79 91 102 117
0 1 0 0 1 0 1 0 0 1 0 1 0 0 1 0 1 0 0 1 0 1 0 0 1 0 1 0 0 1 0
params:(sp,dist,diff,A,B,C,D):1 1 2 2 2 1 2
周期5
1 1 1 1 2 2 3 3 4 5 6 7 9 10 12 14 17 19 23 26 31 35 41 46 54 61 70 79 91 102 117
0 1 0 0 1 0 1 0 0 1 0 1 0 0 1 0 1 0 0 1 0 1 0 0 1 0 1 0 0 1 0
params:(sp,dist,diff,A,B,C,D):1 1 2 2 2 1 3
周期5
1 1 1 1 2 2 3 3 4 5 6 7 9 10 12 14 17 19 23 26 31 35 41 46 54 61 70 79 91 102 117
0 1 0 0 1 0 1 0 0 1 0 1 0 0 1 0 1 0 0 1 0 1 0 0 1 0 1 0 0 1 0
params:(sp,dist,diff,A,B,C,D):1 1 2 2 2 2 3
周期5
1 1 1 1 2 2 3 3 4 5 6 7 9 10 12 14 17 19 23 26 31 35 41 46 54 61 70 79 91 102 117
0 1 0 0 1 0 1 0 0 1 0 1 0 0 1 0 1 0 0 1 0 1 0 0 1 0 1 0 0 1 0
params:(sp,dist,diff,A,B,C,D):1 1 2 2 3 0 1
周期5
1 1 1 1 2 2 3 3 4 5 6 7 9 10 12 14 17 19 23 26 31 35 41 46 54 61 70 79 91 102 117
0 1 0 0 1 0 1 0 0 1 0 1 0 0 1 0 1 0 0 1 0 1 0 0 1 0 1 0 0 1 0
params:(sp,dist,diff,A,B,C,D):1 1 2 2 3 0 2
周期5
1 1 1 1 2 2 3 3 4 5 6 7 9 10 12 14 17 19 23 26 31 35 41 46 54 61 70 79 91 102 117
0 1 0 0 1 0 1 0 0 1 0 1 0 0 1 0 1 0 0 1 0 1 0 0 1 0 1 0 0 1 0
params:(sp,dist,diff,A,B,C,D):1 1 2 2 3 0 3
周期5
1 1 1 1 2 2 3 3 4 5 6 7 9 10 12 14 17 19 23 26 31 35 41 46 54 61 70 79 91 102 117
0 1 0 0 1 0 1 0 0 1 0 1 0 0 1 0 1 0 0 1 0 1 0 0 1 0 1 0 0 1 0
params:(sp,dist,diff,A,B,C,D):1 1 2 2 3 1 2
周期5
1 1 1 1 2 2 3 3 4 5 6 7 9 10 12 14 17 19 23 26 31 35 41 46 54 61 70 79 91 102 117
0 1 0 0 1 0 1 0 0 1 0 1 0 0 1 0 1 0 0 1 0 1 0 0 1 0 1 0 0 1 0
params:(sp,dist,diff,A,B,C,D):1 1 2 2 3 1 3
周期5
1 1 1 1 2 2 3 3 4 5 6 7 9 10 12 14 17 19 23 26 31 35 41 46 54 61 70 79 91 102 117
0 1 0 0 1 0 1 0 0 1 0 1 0 0 1 0 1 0 0 1 0 1 0 0 1 0 1 0 0 1 0
params:(sp,dist,diff,A,B,C,D):1 1 2 2 3 2 3
周期5
1 1 1 1 2 2 3 3 4 5 6 7 9 10 12 14 17 19 23 26 31 35 41 46 54 61 70 79 91 102 117
0 1 0 0 1 0 1 0 0 1 0 1 0 0 1 0 1 0 0 1 0 1 0 0 1 0 1 0 0 1 0
params:(sp,dist,diff,A,B,C,D):1 1 2 3 0 0 1
周期5
1 1 1 1 2 2 3 3 4 5 6 7 9 10 12 14 17 19 23 26 31 35 41 46 54 61 70 79 91 102 117
0 1 0 0 1 0 1 0 0 1 0 1 0 0 1 0 1 0 0 1 0 1 0 0 1 0 1 0 0 1 0
params:(sp,dist,diff,A,B,C,D):1 1 2 3 0 0 2
周期5
1 1 1 1 2 2 3 3 4 5 6 7 9 10 12 14 17 19 23 26 31 35 41 46 54 61 70 79 91 102 117
0 1 0 0 1 0 1 0 0 1 0 1 0 0 1 0 1 0 0 1 0 1 0 0 1 0 1 0 0 1 0
params:(sp,dist,diff,A,B,C,D):1 1 2 3 0 0 3
周期5
1 1 1 1 2 2 3 3 4 5 6 7 9 10 12 14 17 19 23 26 31 35 41 46 54 61 70 79 91 102 117
0 1 0 0 1 0 1 0 0 1 0 1 0 0 1 0 1 0 0 1 0 1 0 0 1 0 1 0 0 1 0
params:(sp,dist,diff,A,B,C,D):1 1 2 3 0 1 2
周期5
1 1 1 1 2 2 3 3 4 5 6 7 9 10 12 14 17 19 23 26 31 35 41 46 54 61 70 79 91 102 117
0 1 0 0 1 0 1 0 0 1 0 1 0 0 1 0 1 0 0 1 0 1 0 0 1 0 1 0 0 1 0
params:(sp,dist,diff,A,B,C,D):1 1 2 3 0 1 3
周期5
1 1 1 1 2 2 3 3 4 5 6 7 9 10 12 14 17 19 23 26 31 35 41 46 54 61 70 79 91 102 117
0 1 0 0 1 0 1 0 0 1 0 1 0 0 1 0 1 0 0 1 0 1 0 0 1 0 1 0 0 1 0
params:(sp,dist,diff,A,B,C,D):1 1 2 3 0 2 3
周期5
1 1 1 1 2 2 3 3 4 5 6 7 9 10 12 14 17 19 23 26 31 35 41 46 54 61 70 79 91 102 117
0 1 0 0 1 0 1 0 0 1 0 1 0 0 1 0 1 0 0 1 0 1 0 0 1 0 1 0 0 1 0
params:(sp,dist,diff,A,B,C,D):1 1 2 3 1 0 1
周期5
1 1 1 1 2 2 3 3 4 5 6 7 9 10 12 14 17 19 23 26 31 35 41 46 54 61 70 79 91 102 117
0 1 0 0 1 0 1 0 0 1 0 1 0 0 1 0 1 0 0 1 0 1 0 0 1 0 1 0 0 1 0
params:(sp,dist,diff,A,B,C,D):1 1 2 3 1 0 2
周期5
1 1 1 1 2 2 3 3 4 5 6 7 9 10 12 14 17 19 23 26 31 35 41 46 54 61 70 79 91 102 117
0 1 0 0 1 0 1 0 0 1 0 1 0 0 1 0 1 0 0 1 0 1 0 0 1 0 1 0 0 1 0
params:(sp,dist,diff,A,B,C,D):1 1 2 3 1 0 3
周期5
1 1 1 1 2 2 3 3 4 5 6 7 9 10 12 14 17 19 23 26 31 35 41 46 54 61 70 79 91 102 117
0 1 0 0 1 0 1 0 0 1 0 1 0 0 1 0 1 0 0 1 0 1 0 0 1 0 1 0 0 1 0
params:(sp,dist,diff,A,B,C,D):1 1 2 3 1 1 2
周期5
1 1 1 1 2 2 3 3 4 5 6 7 9 10 12 14 17 19 23 26 31 35 41 46 54 61 70 79 91 102 117
0 1 0 0 1 0 1 0 0 1 0 1 0 0 1 0 1 0 0 1 0 1 0 0 1 0 1 0 0 1 0
params:(sp,dist,diff,A,B,C,D):1 1 2 3 1 1 3
周期5
1 1 1 1 2 2 3 3 4 5 6 7 9 10 12 14 17 19 23 26 31 35 41 46 54 61 70 79 91 102 117
0 1 0 0 1 0 1 0 0 1 0 1 0 0 1 0 1 0 0 1 0 1 0 0 1 0 1 0 0 1 0
params:(sp,dist,diff,A,B,C,D):1 1 2 3 1 2 3
周期5
1 1 1 1 2 2 3 3 4 5 6 7 9 10 12 14 17 19 23 26 31 35 41 46 54 61 70 79 91 102 117
0 1 0 0 1 0 1 0 0 1 0 1 0 0 1 0 1 0 0 1 0 1 0 0 1 0 1 0 0 1 0
params:(sp,dist,diff,A,B,C,D):1 1 2 3 2 0 1
周期5
1 1 1 1 2 2 3 3 4 5 6 7 9 10 12 14 17 19 23 26 31 35 41 46 54 61 70 79 91 102 117
0 1 0 0 1 0 1 0 0 1 0 1 0 0 1 0 1 0 0 1 0 1 0 0 1 0 1 0 0 1 0
params:(sp,dist,diff,A,B,C,D):1 1 2 3 2 0 2
周期5
1 1 1 1 2 2 3 3 4 5 6 7 9 10 12 14 17 19 23 26 31 35 41 46 54 61 70 79 91 102 117
0 1 0 0 1 0 1 0 0 1 0 1 0 0 1 0 1 0 0 1 0 1 0 0 1 0 1 0 0 1 0
params:(sp,dist,diff,A,B,C,D):1 1 2 3 2 0 3
周期5
1 1 1 1 2 2 3 3 4 5 6 7 9 10 12 14 17 19 23 26 31 35 41 46 54 61 70 79 91 102 117
0 1 0 0 1 0 1 0 0 1 0 1 0 0 1 0 1 0 0 1 0 1 0 0 1 0 1 0 0 1 0
params:(sp,dist,diff,A,B,C,D):1 1 2 3 2 1 2
周期5
1 1 1 1 2 2 3 3 4 5 6 7 9 10 12 14 17 19 23 26 31 35 41 46 54 61 70 79 91 102 117
0 1 0 0 1 0 1 0 0 1 0 1 0 0 1 0 1 0 0 1 0 1 0 0 1 0 1 0 0 1 0
params:(sp,dist,diff,A,B,C,D):1 1 2 3 2 1 3
周期5
1 1 1 1 2 2 3 3 4 5 6 7 9 10 12 14 17 19 23 26 31 35 41 46 54 61 70 79 91 102 117
0 1 0 0 1 0 1 0 0 1 0 1 0 0 1 0 1 0 0 1 0 1 0 0 1 0 1 0 0 1 0
params:(sp,dist,diff,A,B,C,D):1 1 2 3 2 2 3
周期5
1 1 1 1 2 2 3 3 4 5 6 7 9 10 12 14 17 19 23 26 31 35 41 46 54 61 70 79 91 102 117
0 1 0 0 1 0 1 0 0 1 0 1 0 0 1 0 1 0 0 1 0 1 0 0 1 0 1 0 0 1 0
params:(sp,dist,diff,A,B,C,D):1 1 2 3 3 0 1
周期5
1 1 1 1 2 2 3 3 4 5 6 7 9 10 12 14 17 19 23 26 31 35 41 46 54 61 70 79 91 102 117
0 1 0 0 1 0 1 0 0 1 0 1 0 0 1 0 1 0 0 1 0 1 0 0 1 0 1 0 0 1 0
params:(sp,dist,diff,A,B,C,D):1 1 2 3 3 0 2
周期5
1 1 1 1 2 2 3 3 4 5 6 7 9 10 12 14 17 19 23 26 31 35 41 46 54 61 70 79 91 102 117
0 1 0 0 1 0 1 0 0 1 0 1 0 0 1 0 1 0 0 1 0 1 0 0 1 0 1 0 0 1 0
params:(sp,dist,diff,A,B,C,D):1 1 2 3 3 0 3
周期5
1 1 1 1 2 2 3 3 4 5 6 7 9 10 12 14 17 19 23 26 31 35 41 46 54 61 70 79 91 102 117
0 1 0 0 1 0 1 0 0 1 0 1 0 0 1 0 1 0 0 1 0 1 0 0 1 0 1 0 0 1 0
params:(sp,dist,diff,A,B,C,D):1 1 2 3 3 1 2
周期5
1 1 1 1 2 2 3 3 4 5 6 7 9 10 12 14 17 19 23 26 31 35 41 46 54 61 70 79 91 102 117
0 1 0 0 1 0 1 0 0 1 0 1 0 0 1 0 1 0 0 1 0 1 0 0 1 0 1 0 0 1 0
params:(sp,dist,diff,A,B,C,D):1 1 2 3 3 1 3
周期5
1 1 1 1 2 2 3 3 4 5 6 7 9 10 12 14 17 19 23 26 31 35 41 46 54 61 70 79 91 102 117
0 1 0 0 1 0 1 0 0 1 0 1 0 0 1 0 1 0 0 1 0 1 0 0 1 0 1 0 0 1 0
params:(sp,dist,diff,A,B,C,D):1 1 2 3 3 2 3
周期5
1 1 1 1 2 2 3 3 4 5 6 7 9 10 12 14 17 19 23 26 31 35 41 46 54 61 70 79 91 102 117
0 1 0 0 1 0 1 0 0 1 0 1 0 0 1 0 1 0 0 1 0 1 0 0 1 0 1 0 0 1 0
params:(sp,dist,diff,A,B,C,D):1 2 0 1 0 0 3
周期6
1 1 1 2 2 3 5 6 7 10 12 15 21 25 30 39 46 56 72 85 101 125 147 175 215 252 296 356 415 487 582
0 1 0 1 0 1 1 1 0 1 0 1 1 1 0 1 0 1 1 1 0 1 0 1 1 1 0 1 0 1 1
params:(sp,dist,diff,A,B,C,D):1 2 0 1 0 1 3
周期6
1 1 1 2 3 4 5 7 9 12 16 20 25 32 40 50 62 76 93 114 139 168 203 244 292 350 417 495 587 694 819
0 1 0 1 1 1 0 1 0 1 1 1 0 1 0 1 1 1 0 1 0 1 1 1 0 1 0 1 1 1 0
params:(sp,dist,diff,A,B,C,D):1 2 0 1 0 2 3
周期6
1 1 2 3 4 6 8 11 15 20 26 34 43 55 70 88 110 137 169 208 255 311 378 458 552 664 796 951 1134 1348 1598
0 1 1 1 0 1 0 1 1 1 0 1 0 1 1 1 0 1 0 1 1 1 0 1 0 1 1 1 0 1 0
params:(sp,dist,diff,A,B,C,D):1 2 0 2 0 0 2
周期6
1 1 2 2 4 5 8 10 15 18 26 32 45 55 74 90 119 145 188 228 291 351 442 532 664 796 982 1172 1435 1708 2076
0 1 1 0 1 1 1 1 1 0 1 1 1 1 1 0 1 1 1 1 1 0 1 1 1 1 1 0 1 1 1
params:(sp,dist,diff,A,B,C,D):1 2 0 2 0 1 2
周期6
1 1 2 3 5 7 10 14 20 27 37 49 65 85 111 143 184 234 297 374 470 586 729 902 1113 1367 1674 2042 2485 3013 3645
0 1 1 1 1 1 0 1 1 1 1 1 0 1 1 1 1 1 0 1 1 1 1 1 0 1 1 1 1 1 0
params:(sp,dist,diff,A,B,C,D):1 2 0 2 0 1 3
周期3
1 1 2 2 4 5 7 9 13 16 22 27 36 44 57 70 89 108 135 163 202 243 297 355 431 513 617 731 874 1031 1225
0 1 1 0 1 1 0 1 1 0 1 1 0 1 1 0 1 1 0 1 1 0 1 1 0 1 1 0 1 1 0
params:(sp,dist,diff,A,B,C,D):1 2 0 2 0 2 3
周期3
1 1 2 2 4 5 7 9 13 16 22 27 36 44 57 70 89 108 135 163 202 243 297 355 431 513 617 731 874 1031 1225
0 1 1 0 1 1 0 1 1 0 1 1 0 1 1 0 1 1 0 1 1 0 1 1 0 1 1 0 1 1 0
params:(sp,dist,diff,A,B,C,D):1 2 0 3 0 0 3
周期12
1 1 2 3 4 6 9 12 16 22 29 38 51 65 84 108 136 172 217 270 336 417 513 630 774 942 1146 1391 1679 2024 2436
0 1 1 1 0 1 1 1 0 1 1 1 1 1 1 1 0 1 1 1 0 1 1 1 1 1 1 1 0 1 1
params:(sp,dist,diff,A,B,C,D):1 2 0 3 0 1 2
周期4
1 1 2 3 4 6 9 12 16 22 29 38 50 64 82 105 132 166 208 258 320 395 484 592 722 876 1060 1280 1539 1846 2210
0 1 1 1 0 1 1 1 0 1 1 1 0 1 1 1 0 1 1 1 0 1 1 1 0 1 1 1 0 1 1
params:(sp,dist,diff,A,B,C,D):1 2 0 3 0 1 3
周期12
1 1 2 3 5 7 11 15 21 29 40 53 71 93 122 158 204 260 332 419 528 661 825 1023 1266 1559 1914 2341 2856 3470 4208
0 1 1 1 1 1 1 1 0 1 1 1 0 1 1 1 1 1 1 1 0 1 1 1 0 1 1 1 1 1 1
params:(sp,dist,diff,A,B,C,D):1 2 0 3 0 2 3
周期12
1 1 2 3 4 6 9 12 17 23 31 41 54 70 91 117 149 189 239 299 375 466 577 712 875 1071 1308 1591 1930 2334 2816
0 1 1 1 0 1 1 1 1 1 1 1 0 1 1 1 0 1 1 1 1 1 1 1 0 1 1 1 0 1 1
params:(sp,dist,diff,A,B,C,D):1 2 0 3 1 1 2
周期10
1 1 2 3 4 6 8 11 15 20 26 34 44 56 71 90 112 140 174 214 263 322 392 476 576 694 834 1000 1194 1423 1692
0 1 1 1 0 1 0 1 1 1 0 1 1 1 0 1 0 1 1 1 0 1 1 1 0 1 0 1 1 1 0
params:(sp,dist,diff,A,B,C,D):1 2 1 1 0 0 1
周期3
1 1 2 2 4 5 7 9 13 16 22 27 36 44 57 70 89 108 135 163 202 243 297 355 431 513 617 731 874 1031 1225
0 1 1 0 1 1 0 1 1 0 1 1 0 1 1 0 1 1 0 1 1 0 1 1 0 1 1 0 1 1 0
params:(sp,dist,diff,A,B,C,D):1 2 1 1 0 0 2
周期3
1 1 2 2 4 5 7 9 13 16 22 27 36 44 57 70 89 108 135 163 202 243 297 355 431 513 617 731 874 1031 1225
0 1 1 0 1 1 0 1 1 0 1 1 0 1 1 0 1 1 0 1 1 0 1 1 0 1 1 0 1 1 0
params:(sp,dist,diff,A,B,C,D):1 2 1 1 1 0 1
周期3
1 1 2 2 4 5 7 9 13 16 22 27 36 44 57 70 89 108 135 163 202 243 297 355 431 513 617 731 874 1031 1225
0 1 1 0 1 1 0 1 1 0 1 1 0 1 1 0 1 1 0 1 1 0 1 1 0 1 1 0 1 1 0
params:(sp,dist,diff,A,B,C,D):1 2 1 1 1 0 2
周期6
1 1 2 1 3 3 5 5 8 8 12 12 19 19 27 28 39 41 55 58 77 82 106 113 145 156 196 210 262 283 348
0 1 1 -1 1 1 0 1 1 -1 1 1 0 1 1 -1 1 1 0 1 1 -1 1 1 0 1 1 -1 1 1 0
params:(sp,dist,diff,A,B,C,D):1 2 1 1 2 0 1
周期3
1 1 2 2 4 5 7 9 13 16 22 27 36 44 57 70 89 108 135 163 202 243 297 355 431 513 617 731 874 1031 1225
0 1 1 0 1 1 0 1 1 0 1 1 0 1 1 0 1 1 0 1 1 0 1 1 0 1 1 0 1 1 0
params:(sp,dist,diff,A,B,C,D):1 2 1 1 2 0 2
周期6
1 1 2 1 3 3 5 5 8 8 12 12 19 19 27 28 39 41 55 58 77 82 106 113 145 156 196 210 262 283 348
0 1 1 -1 1 1 0 1 1 -1 1 1 0 1 1 -1 1 1 0 1 1 -1 1 1 0 1 1 -1 1 1 0
params:(sp,dist,diff,A,B,C,D):1 2 1 1 3 0 1
周期3
1 1 2 2 4 5 7 9 13 16 22 27 36 44 57 70 89 108 135 163 202 243 297 355 431 513 617 731 874 1031 1225
0 1 1 0 1 1 0 1 1 0 1 1 0 1 1 0 1 1 0 1 1 0 1 1 0 1 1 0 1 1 0
params:(sp,dist,diff,A,B,C,D):1 2 1 2 0 0 1
周期3
1 1 2 2 4 5 7 9 13 16 22 27 36 44 57 70 89 108 135 163 202 243 297 355 431 513 617 731 874 1031 1225
0 1 1 0 1 1 0 1 1 0 1 1 0 1 1 0 1 1 0 1 1 0 1 1 0 1 1 0 1 1 0
params:(sp,dist,diff,A,B,C,D):1 2 1 2 0 0 2
周期3
1 1 2 2 4 5 7 9 13 16 22 27 36 44 57 70 89 108 135 163 202 243 297 355 431 513 617 731 874 1031 1225
0 1 1 0 1 1 0 1 1 0 1 1 0 1 1 0 1 1 0 1 1 0 1 1 0 1 1 0 1 1 0
params:(sp,dist,diff,A,B,C,D):1 2 1 2 0 0 3
周期3
1 1 2 2 4 5 7 9 13 16 22 27 36 44 57 70 89 108 135 163 202 243 297 355 431 513 617 731 874 1031 1225
0 1 1 0 1 1 0 1 1 0 1 1 0 1 1 0 1 1 0 1 1 0 1 1 0 1 1 0 1 1 0
params:(sp,dist,diff,A,B,C,D):1 2 1 2 0 1 2
周期3
1 1 2 2 4 5 7 9 13 16 22 27 36 44 57 70 89 108 135 163 202 243 297 355 431 513 617 731 874 1031 1225
0 1 1 0 1 1 0 1 1 0 1 1 0 1 1 0 1 1 0 1 1 0 1 1 0 1 1 0 1 1 0
params:(sp,dist,diff,A,B,C,D):1 2 1 2 0 1 3
周期3
1 1 2 2 4 5 7 9 13 16 22 27 36 44 57 70 89 108 135 163 202 243 297 355 431 513 617 731 874 1031 1225
0 1 1 0 1 1 0 1 1 0 1 1 0 1 1 0 1 1 0 1 1 0 1 1 0 1 1 0 1 1 0
params:(sp,dist,diff,A,B,C,D):1 2 1 2 0 2 3
周期3
1 1 2 2 4 5 7 9 13 16 22 27 36 44 57 70 89 108 135 163 202 243 297 355 431 513 617 731 874 1031 1225
0 1 1 0 1 1 0 1 1 0 1 1 0 1 1 0 1 1 0 1 1 0 1 1 0 1 1 0 1 1 0
params:(sp,dist,diff,A,B,C,D):1 2 1 2 1 0 1
周期3
1 1 2 2 4 5 7 9 13 16 22 27 36 44 57 70 89 108 135 163 202 243 297 355 431 513 617 731 874 1031 1225
0 1 1 0 1 1 0 1 1 0 1 1 0 1 1 0 1 1 0 1 1 0 1 1 0 1 1 0 1 1 0
params:(sp,dist,diff,A,B,C,D):1 2 1 2 1 0 3
周期7
1 1 2 2 3 4 6 7 10 12 16 19 25 30 38 46 57 68 84 99 121 143 172 202 242 283 336 392 462 537 630
0 1 1 0 0 1 1 0 1 1 0 0 1 1 0 1 1 0 0 1 1 0 1 1 0 0 1 1 0 1 1
params:(sp,dist,diff,A,B,C,D):1 2 1 2 2 0 1
周期3
1 1 2 2 4 5 7 9 13 16 22 27 36 44 57 70 89 108 135 163 202 243 297 355 431 513 617 731 874 1031 1225
0 1 1 0 1 1 0 1 1 0 1 1 0 1 1 0 1 1 0 1 1 0 1 1 0 1 1 0 1 1 0
params:(sp,dist,diff,A,B,C,D):1 2 1 2 3 0 1
周期3
1 1 2 2 4 5 7 9 13 16 22 27 36 44 57 70 89 108 135 163 202 243 297 355 431 513 617 731 874 1031 1225
0 1 1 0 1 1 0 1 1 0 1 1 0 1 1 0 1 1 0 1 1 0 1 1 0 1 1 0 1 1 0
params:(sp,dist,diff,A,B,C,D):1 2 1 3 0 0 1
周期3
1 1 2 2 4 5 7 9 13 16 22 27 36 44 57 70 89 108 135 163 202 243 297 355 431 513 617 731 874 1031 1225
0 1 1 0 1 1 0 1 1 0 1 1 0 1 1 0 1 1 0 1 1 0 1 1 0 1 1 0 1 1 0
params:(sp,dist,diff,A,B,C,D):1 2 1 3 0 0 2
周期3
1 1 2 2 4 5 7 9 13 16 22 27 36 44 57 70 89 108 135 163 202 243 297 355 431 513 617 731 874 1031 1225
0 1 1 0 1 1 0 1 1 0 1 1 0 1 1 0 1 1 0 1 1 0 1 1 0 1 1 0 1 1 0
params:(sp,dist,diff,A,B,C,D):1 2 1 3 0 0 3
周期3
1 1 2 2 4 5 7 9 13 16 22 27 36 44 57 70 89 108 135 163 202 243 297 355 431 513 617 731 874 1031 1225
0 1 1 0 1 1 0 1 1 0 1 1 0 1 1 0 1 1 0 1 1 0 1 1 0 1 1 0 1 1 0
params:(sp,dist,diff,A,B,C,D):1 2 1 3 0 1 2
周期3
1 1 2 2 4 5 7 9 13 16 22 27 36 44 57 70 89 108 135 163 202 243 297 355 431 513 617 731 874 1031 1225
0 1 1 0 1 1 0 1 1 0 1 1 0 1 1 0 1 1 0 1 1 0 1 1 0 1 1 0 1 1 0
params:(sp,dist,diff,A,B,C,D):1 2 1 3 0 1 3
周期3
1 1 2 2 4 5 7 9 13 16 22 27 36 44 57 70 89 108 135 163 202 243 297 355 431 513 617 731 874 1031 1225
0 1 1 0 1 1 0 1 1 0 1 1 0 1 1 0 1 1 0 1 1 0 1 1 0 1 1 0 1 1 0
params:(sp,dist,diff,A,B,C,D):1 2 1 3 0 2 3
周期3
1 1 2 2 4 5 7 9 13 16 22 27 36 44 57 70 89 108 135 163 202 243 297 355 431 513 617 731 874 1031 1225
0 1 1 0 1 1 0 1 1 0 1 1 0 1 1 0 1 1 0 1 1 0 1 1 0 1 1 0 1 1 0
params:(sp,dist,diff,A,B,C,D):1 2 1 3 1 0 1
周期3
1 1 2 2 4 5 7 9 13 16 22 27 36 44 57 70 89 108 135 163 202 243 297 355 431 513 617 731 874 1031 1225
0 1 1 0 1 1 0 1 1 0 1 1 0 1 1 0 1 1 0 1 1 0 1 1 0 1 1 0 1 1 0
params:(sp,dist,diff,A,B,C,D):1 2 1 3 1 0 2
周期3
1 1 2 2 4 5 7 9 13 16 22 27 36 44 57 70 89 108 135 163 202 243 297 355 431 513 617 731 874 1031 1225
0 1 1 0 1 1 0 1 1 0 1 1 0 1 1 0 1 1 0 1 1 0 1 1 0 1 1 0 1 1 0
params:(sp,dist,diff,A,B,C,D):1 2 1 3 2 0 1
周期3
1 1 2 2 4 5 7 9 13 16 22 27 36 44 57 70 89 108 135 163 202 243 297 355 431 513 617 731 874 1031 1225
0 1 1 0 1 1 0 1 1 0 1 1 0 1 1 0 1 1 0 1 1 0 1 1 0 1 1 0 1 1 0
params:(sp,dist,diff,A,B,C,D):1 2 1 3 3 0 1
周期3
1 1 2 2 4 5 7 9 13 16 22 27 36 44 57 70 89 108 135 163 202 243 297 355 431 513 617 731 874 1031 1225
0 1 1 0 1 1 0 1 1 0 1 1 0 1 1 0 1 1 0 1 1 0 1 1 0 1 1 0 1 1 0
params:(sp,dist,diff,A,B,C,D):1 2 2 1 0 0 1
周期7
1 1 2 2 3 4 6 7 10 12 16 19 25 30 38 46 57 68 84 99 121 143 172 202 242 283 336 392 462 537 630
0 1 1 0 0 1 1 0 1 1 0 0 1 1 0 1 1 0 0 1 1 0 1 1 0 0 1 1 0 1 1
params:(sp,dist,diff,A,B,C,D):1 2 2 1 0 0 2
周期7
1 1 2 2 3 4 6 7 10 12 16 19 25 30 38 46 57 68 84 99 121 143 172 202 242 283 336 392 462 537 630
0 1 1 0 0 1 1 0 1 1 0 0 1 1 0 1 1 0 0 1 1 0 1 1 0 0 1 1 0 1 1
params:(sp,dist,diff,A,B,C,D):1 2 2 1 1 0 1
周期7
1 1 2 2 3 4 6 7 10 12 16 19 25 30 38 46 57 68 84 99 121 143 172 202 242 283 336 392 462 537 630
0 1 1 0 0 1 1 0 1 1 0 0 1 1 0 1 1 0 0 1 1 0 1 1 0 0 1 1 0 1 1
params:(sp,dist,diff,A,B,C,D):1 2 2 1 1 0 2
周期6
1 1 2 1 3 3 5 5 8 8 12 12 19 19 27 28 39 41 55 58 77 82 106 113 145 156 196 210 262 283 348
0 1 1 -1 1 1 0 1 1 -1 1 1 0 1 1 -1 1 1 0 1 1 -1 1 1 0 1 1 -1 1 1 0
params:(sp,dist,diff,A,B,C,D):1 2 2 1 2 0 1
周期7
1 1 2 2 3 4 6 7 10 12 16 19 25 30 38 46 57 68 84 99 121 143 172 202 242 283 336 392 462 537 630
0 1 1 0 0 1 1 0 1 1 0 0 1 1 0 1 1 0 0 1 1 0 1 1 0 0 1 1 0 1 1
params:(sp,dist,diff,A,B,C,D):1 2 2 1 2 0 2
周期6
1 1 2 1 3 3 5 5 8 8 12 12 19 19 27 28 39 41 55 58 77 82 106 113 145 156 196 210 262 283 348
0 1 1 -1 1 1 0 1 1 -1 1 1 0 1 1 -1 1 1 0 1 1 -1 1 1 0 1 1 -1 1 1 0
params:(sp,dist,diff,A,B,C,D):1 2 2 1 3 0 1
周期7
1 1 2 2 3 4 6 7 10 12 16 19 25 30 38 46 57 68 84 99 121 143 172 202 242 283 336 392 462 537 630
0 1 1 0 0 1 1 0 1 1 0 0 1 1 0 1 1 0 0 1 1 0 1 1 0 0 1 1 0 1 1
params:(sp,dist,diff,A,B,C,D):1 2 2 2 0 0 1
周期7
1 1 2 2 3 4 6 7 10 12 16 19 25 30 38 46 57 68 84 99 121 143 172 202 242 283 336 392 462 537 630
0 1 1 0 0 1 1 0 1 1 0 0 1 1 0 1 1 0 0 1 1 0 1 1 0 0 1 1 0 1 1
params:(sp,dist,diff,A,B,C,D):1 2 2 2 0 0 2
周期7
1 1 2 2 3 4 6 7 10 12 16 19 25 30 38 46 57 68 84 99 121 143 172 202 242 283 336 392 462 537 630
0 1 1 0 0 1 1 0 1 1 0 0 1 1 0 1 1 0 0 1 1 0 1 1 0 0 1 1 0 1 1
params:(sp,dist,diff,A,B,C,D):1 2 2 2 0 0 3
周期7
1 1 2 2 3 4 6 7 10 12 16 19 25 30 38 46 57 68 84 99 121 143 172 202 242 283 336 392 462 537 630
0 1 1 0 0 1 1 0 1 1 0 0 1 1 0 1 1 0 0 1 1 0 1 1 0 0 1 1 0 1 1
params:(sp,dist,diff,A,B,C,D):1 2 2 2 0 1 2
周期7
1 1 2 2 3 4 6 7 10 12 16 19 25 30 38 46 57 68 84 99 121 143 172 202 242 283 336 392 462 537 630
0 1 1 0 0 1 1 0 1 1 0 0 1 1 0 1 1 0 0 1 1 0 1 1 0 0 1 1 0 1 1
params:(sp,dist,diff,A,B,C,D):1 2 2 2 0 1 3
周期7
1 1 2 2 3 4 6 7 10 12 16 19 25 30 38 46 57 68 84 99 121 143 172 202 242 283 336 392 462 537 630
0 1 1 0 0 1 1 0 1 1 0 0 1 1 0 1 1 0 0 1 1 0 1 1 0 0 1 1 0 1 1
params:(sp,dist,diff,A,B,C,D):1 2 2 2 0 2 3
周期7
1 1 2 2 3 4 6 7 10 12 16 19 25 30 38 46 57 68 84 99 121 143 172 202 242 283 336 392 462 537 630
0 1 1 0 0 1 1 0 1 1 0 0 1 1 0 1 1 0 0 1 1 0 1 1 0 0 1 1 0 1 1
params:(sp,dist,diff,A,B,C,D):1 2 2 2 1 0 1
周期7
1 1 2 2 3 4 6 7 10 12 16 19 25 30 38 46 57 68 84 99 121 143 172 202 242 283 336 392 462 537 630
0 1 1 0 0 1 1 0 1 1 0 0 1 1 0 1 1 0 0 1 1 0 1 1 0 0 1 1 0 1 1
params:(sp,dist,diff,A,B,C,D):1 2 2 2 1 0 2
周期7
1 1 2 2 3 4 6 7 10 12 16 19 25 30 38 46 57 68 84 99 121 143 172 202 242 283 336 392 462 537 630
0 1 1 0 0 1 1 0 1 1 0 0 1 1 0 1 1 0 0 1 1 0 1 1 0 0 1 1 0 1 1
params:(sp,dist,diff,A,B,C,D):1 2 2 2 1 0 3
周期7
1 1 2 2 3 4 6 7 10 12 16 19 25 30 38 46 57 68 84 99 121 143 172 202 242 283 336 392 462 537 630
0 1 1 0 0 1 1 0 1 1 0 0 1 1 0 1 1 0 0 1 1 0 1 1 0 0 1 1 0 1 1
params:(sp,dist,diff,A,B,C,D):1 2 2 2 1 1 2
周期7
1 1 2 2 3 4 6 7 10 12 16 19 25 30 38 46 57 68 84 99 121 143 172 202 242 283 336 392 462 537 630
0 1 1 0 0 1 1 0 1 1 0 0 1 1 0 1 1 0 0 1 1 0 1 1 0 0 1 1 0 1 1
params:(sp,dist,diff,A,B,C,D):1 2 2 2 1 1 3
周期7
1 1 2 2 3 4 6 7 10 12 16 19 25 30 38 46 57 68 84 99 121 143 172 202 242 283 336 392 462 537 630
0 1 1 0 0 1 1 0 1 1 0 0 1 1 0 1 1 0 0 1 1 0 1 1 0 0 1 1 0 1 1
params:(sp,dist,diff,A,B,C,D):1 2 2 2 1 2 3
周期7
1 1 2 2 3 4 6 7 10 12 16 19 25 30 38 46 57 68 84 99 121 143 172 202 242 283 336 392 462 537 630
0 1 1 0 0 1 1 0 1 1 0 0 1 1 0 1 1 0 0 1 1 0 1 1 0 0 1 1 0 1 1
params:(sp,dist,diff,A,B,C,D):1 2 2 2 2 0 1
周期7
1 1 2 2 3 4 6 7 10 12 16 19 25 30 38 46 57 68 84 99 121 143 172 202 242 283 336 392 462 537 630
0 1 1 0 0 1 1 0 1 1 0 0 1 1 0 1 1 0 0 1 1 0 1 1 0 0 1 1 0 1 1
params:(sp,dist,diff,A,B,C,D):1 2 2 2 3 0 1
周期7
1 1 2 2 3 4 6 7 10 12 16 19 25 30 38 46 57 68 84 99 121 143 172 202 242 283 336 392 462 537 630
0 1 1 0 0 1 1 0 1 1 0 0 1 1 0 1 1 0 0 1 1 0 1 1 0 0 1 1 0 1 1
params:(sp,dist,diff,A,B,C,D):1 2 2 3 0 0 1
周期7
1 1 2 2 3 4 6 7 10 12 16 19 25 30 38 46 57 68 84 99 121 143 172 202 242 283 336 392 462 537 630
0 1 1 0 0 1 1 0 1 1 0 0 1 1 0 1 1 0 0 1 1 0 1 1 0 0 1 1 0 1 1
params:(sp,dist,diff,A,B,C,D):1 2 2 3 0 0 2
周期7
1 1 2 2 3 4 6 7 10 12 16 19 25 30 38 46 57 68 84 99 121 143 172 202 242 283 336 392 462 537 630
0 1 1 0 0 1 1 0 1 1 0 0 1 1 0 1 1 0 0 1 1 0 1 1 0 0 1 1 0 1 1
params:(sp,dist,diff,A,B,C,D):1 2 2 3 0 0 3
周期7
1 1 2 2 3 4 6 7 10 12 16 19 25 30 38 46 57 68 84 99 121 143 172 202 242 283 336 392 462 537 630
0 1 1 0 0 1 1 0 1 1 0 0 1 1 0 1 1 0 0 1 1 0 1 1 0 0 1 1 0 1 1
params:(sp,dist,diff,A,B,C,D):1 2 2 3 0 1 2
周期7
1 1 2 2 3 4 6 7 10 12 16 19 25 30 38 46 57 68 84 99 121 143 172 202 242 283 336 392 462 537 630
0 1 1 0 0 1 1 0 1 1 0 0 1 1 0 1 1 0 0 1 1 0 1 1 0 0 1 1 0 1 1
params:(sp,dist,diff,A,B,C,D):1 2 2 3 0 1 3
周期7
1 1 2 2 3 4 6 7 10 12 16 19 25 30 38 46 57 68 84 99 121 143 172 202 242 283 336 392 462 537 630
0 1 1 0 0 1 1 0 1 1 0 0 1 1 0 1 1 0 0 1 1 0 1 1 0 0 1 1 0 1 1
params:(sp,dist,diff,A,B,C,D):1 2 2 3 0 2 3
周期7
1 1 2 2 3 4 6 7 10 12 16 19 25 30 38 46 57 68 84 99 121 143 172 202 242 283 336 392 462 537 630
0 1 1 0 0 1 1 0 1 1 0 0 1 1 0 1 1 0 0 1 1 0 1 1 0 0 1 1 0 1 1
params:(sp,dist,diff,A,B,C,D):1 2 2 3 1 0 1
周期7
1 1 2 2 3 4 6 7 10 12 16 19 25 30 38 46 57 68 84 99 121 143 172 202 242 283 336 392 462 537 630
0 1 1 0 0 1 1 0 1 1 0 0 1 1 0 1 1 0 0 1 1 0 1 1 0 0 1 1 0 1 1
params:(sp,dist,diff,A,B,C,D):1 2 2 3 1 0 2
周期7
1 1 2 2 3 4 6 7 10 12 16 19 25 30 38 46 57 68 84 99 121 143 172 202 242 283 336 392 462 537 630
0 1 1 0 0 1 1 0 1 1 0 0 1 1 0 1 1 0 0 1 1 0 1 1 0 0 1 1 0 1 1
params:(sp,dist,diff,A,B,C,D):1 2 2 3 1 0 3
周期7
1 1 2 2 3 4 6 7 10 12 16 19 25 30 38 46 57 68 84 99 121 143 172 202 242 283 336 392 462 537 630
0 1 1 0 0 1 1 0 1 1 0 0 1 1 0 1 1 0 0 1 1 0 1 1 0 0 1 1 0 1 1
params:(sp,dist,diff,A,B,C,D):1 2 2 3 1 1 2
周期7
1 1 2 2 3 4 6 7 10 12 16 19 25 30 38 46 57 68 84 99 121 143 172 202 242 283 336 392 462 537 630
0 1 1 0 0 1 1 0 1 1 0 0 1 1 0 1 1 0 0 1 1 0 1 1 0 0 1 1 0 1 1
params:(sp,dist,diff,A,B,C,D):1 2 2 3 1 1 3
周期7
1 1 2 2 3 4 6 7 10 12 16 19 25 30 38 46 57 68 84 99 121 143 172 202 242 283 336 392 462 537 630
0 1 1 0 0 1 1 0 1 1 0 0 1 1 0 1 1 0 0 1 1 0 1 1 0 0 1 1 0 1 1
params:(sp,dist,diff,A,B,C,D):1 2 2 3 1 2 3
周期7
1 1 2 2 3 4 6 7 10 12 16 19 25 30 38 46 57 68 84 99 121 143 172 202 242 283 336 392 462 537 630
0 1 1 0 0 1 1 0 1 1 0 0 1 1 0 1 1 0 0 1 1 0 1 1 0 0 1 1 0 1 1
params:(sp,dist,diff,A,B,C,D):1 2 2 3 2 0 1
周期7
1 1 2 2 3 4 6 7 10 12 16 19 25 30 38 46 57 68 84 99 121 143 172 202 242 283 336 392 462 537 630
0 1 1 0 0 1 1 0 1 1 0 0 1 1 0 1 1 0 0 1 1 0 1 1 0 0 1 1 0 1 1
params:(sp,dist,diff,A,B,C,D):1 2 2 3 2 0 2
周期7
1 1 2 2 3 4 6 7 10 12 16 19 25 30 38 46 57 68 84 99 121 143 172 202 242 283 336 392 462 537 630
0 1 1 0 0 1 1 0 1 1 0 0 1 1 0 1 1 0 0 1 1 0 1 1 0 0 1 1 0 1 1
params:(sp,dist,diff,A,B,C,D):1 2 2 3 3 0 1
周期7
1 1 2 2 3 4 6 7 10 12 16 19 25 30 38 46 57 68 84 99 121 143 172 202 242 283 336 392 462 537 630
0 1 1 0 0 1 1 0 1 1 0 0 1 1 0 1 1 0 0 1 1 0 1 1 0 0 1 1 0 1 1
params:(sp,dist,diff,A,B,C,D):1 2 3 1 1 0 3
周期9
1 1 1 2 2 2 4 4 5 7 8 9 13 14 16 21 24 27 35 39 45 55 62 70 86 96 109 130 146 164 195
0 1 0 1 0 0 1 0 1 0 1 0 1 0 0 1 0 1 0 1 0 1 0 0 1 0 1 0 1 0 1
params:(sp,dist,diff,A,B,C,D):1 3 0 1 0 0 3
周期6
1 1 1 2 2 3 5 6 7 10 12 15 21 25 30 39 46 56 72 85 101 125 147 175 215 252 296 356 415 487 582
0 1 0 1 0 1 1 1 0 1 0 1 1 1 0 1 0 1 1 1 0 1 0 1 1 1 0 1 0 1 1
params:(sp,dist,diff,A,B,C,D):1 3 0 1 0 1 3
周期6
1 1 1 2 3 4 5 7 9 12 16 20 25 32 40 50 62 76 93 114 139 168 203 244 292 350 417 495 587 694 819
0 1 0 1 1 1 0 1 0 1 1 1 0 1 0 1 1 1 0 1 0 1 1 1 0 1 0 1 1 1 0
params:(sp,dist,diff,A,B,C,D):1 3 0 1 0 2 3
周期6
1 1 2 3 4 6 8 11 15 20 26 34 43 55 70 88 110 137 169 208 255 311 378 458 552 664 796 951 1134 1348 1598
0 1 1 1 0 1 0 1 1 1 0 1 0 1 1 1 0 1 0 1 1 1 0 1 0 1 1 1 0 1 0
params:(sp,dist,diff,A,B,C,D):1 3 0 2 0 0 2
周期6
1 1 2 2 4 5 8 10 15 18 26 32 45 55 74 90 119 145 188 228 291 351 442 532 664 796 982 1172 1435 1708 2076
0 1 1 0 1 1 1 1 1 0 1 1 1 1 1 0 1 1 1 1 1 0 1 1 1 1 1 0 1 1 1
params:(sp,dist,diff,A,B,C,D):1 3 0 2 0 1 2
周期6
1 1 2 3 5 7 10 14 20 27 37 49 65 85 111 143 184 234 297 374 470 586 729 902 1113 1367 1674 2042 2485 3013 3645
0 1 1 1 1 1 0 1 1 1 1 1 0 1 1 1 1 1 0 1 1 1 1 1 0 1 1 1 1 1 0
params:(sp,dist,diff,A,B,C,D):1 3 0 2 0 1 3
周期3
1 1 2 2 4 5 7 9 13 16 22 27 36 44 57 70 89 108 135 163 202 243 297 355 431 513 617 731 874 1031 1225
0 1 1 0 1 1 0 1 1 0 1 1 0 1 1 0 1 1 0 1 1 0 1 1 0 1 1 0 1 1 0
params:(sp,dist,diff,A,B,C,D):1 3 0 2 0 2 3
周期3
1 1 2 2 4 5 7 9 13 16 22 27 36 44 57 70 89 108 135 163 202 243 297 355 431 513 617 731 874 1031 1225
0 1 1 0 1 1 0 1 1 0 1 1 0 1 1 0 1 1 0 1 1 0 1 1 0 1 1 0 1 1 0
params:(sp,dist,diff,A,B,C,D):1 3 0 3 0 0 3
周期12
1 1 2 3 4 6 9 12 16 22 29 38 51 65 84 108 136 172 217 270 336 417 513 630 774 942 1146 1391 1679 2024 2436
0 1 1 1 0 1 1 1 0 1 1 1 1 1 1 1 0 1 1 1 0 1 1 1 1 1 1 1 0 1 1
params:(sp,dist,diff,A,B,C,D):1 3 0 3 0 1 2
周期4
1 1 2 3 4 6 9 12 16 22 29 38 50 64 82 105 132 166 208 258 320 395 484 592 722 876 1060 1280 1539 1846 2210
0 1 1 1 0 1 1 1 0 1 1 1 0 1 1 1 0 1 1 1 0 1 1 1 0 1 1 1 0 1 1
params:(sp,dist,diff,A,B,C,D):1 3 0 3 0 1 3
周期12
1 1 2 3 5 7 11 15 21 29 40 53 71 93 122 158 204 260 332 419 528 661 825 1023 1266 1559 1914 2341 2856 3470 4208
0 1 1 1 1 1 1 1 0 1 1 1 0 1 1 1 1 1 1 1 0 1 1 1 0 1 1 1 1 1 1
params:(sp,dist,diff,A,B,C,D):1 3 0 3 0 2 3
周期12
1 1 2 3 4 6 9 12 17 23 31 41 54 70 91 117 149 189 239 299 375 466 577 712 875 1071 1308 1591 1930 2334 2816
0 1 1 1 0 1 1 1 1 1 1 1 0 1 1 1 0 1 1 1 1 1 1 1 0 1 1 1 0 1 1
params:(sp,dist,diff,A,B,C,D):1 3 0 3 1 1 2
周期10
1 1 2 3 4 6 8 11 15 20 26 34 44 56 71 90 112 140 174 214 263 322 392 476 576 694 834 1000 1194 1423 1692
0 1 1 1 0 1 0 1 1 1 0 1 1 1 0 1 0 1 1 1 0 1 1 1 0 1 0 1 1 1 0
params:(sp,dist,diff,A,B,C,D):1 3 1 1 0 0 1
周期4
1 1 2 3 4 6 9 12 16 22 29 38 50 64 82 105 132 166 208 258 320 395 484 592 722 876 1060 1280 1539 1846 2210
0 1 1 1 0 1 1 1 0 1 1 1 0 1 1 1 0 1 1 1 0 1 1 1 0 1 1 1 0 1 1
params:(sp,dist,diff,A,B,C,D):1 3 1 1 0 0 2
周期4
1 1 2 3 4 6 9 12 16 22 29 38 50 64 82 105 132 166 208 258 320 395 484 592 722 876 1060 1280 1539 1846 2210
0 1 1 1 0 1 1 1 0 1 1 1 0 1 1 1 0 1 1 1 0 1 1 1 0 1 1 1 0 1 1
params:(sp,dist,diff,A,B,C,D):1 3 1 1 0 0 3
周期12
1 1 1 2 2 3 5 6 7 10 12 15 20 24 29 37 44 53 67 79 94 115 135 160 193 226 265 315 367 428 505
0 1 0 1 0 1 1 1 0 1 0 1 0 1 0 1 0 1 1 1 0 1 0 1 0 1 0 1 0 1 1
params:(sp,dist,diff,A,B,C,D):1 3 1 1 0 1 3
周期12
1 1 1 2 3 4 5 7 8 11 15 18 22 28 35 43 53 64 77 94 113 135 162 192 227 270 319 374 440 515 601
0 1 0 1 1 1 0 1 -1 1 1 1 0 1 0 1 1 1 0 1 -1 1 1 1 0 1 0 1 1 1 0
params:(sp,dist,diff,A,B,C,D):1 3 1 1 0 2 3
周期12
1 1 2 3 3 5 6 8 11 14 18 23 28 35 44 54 66 81 97 117 142 169 203 242 286 339 400 470 553 648 756
0 1 1 1 -1 1 0 1 1 1 0 1 0 1 1 1 -1 1 0 1 1 1 0 1 0 1 1 1 -1 1 0
params:(sp,dist,diff,A,B,C,D):1 3 1 1 1 0 1
周期4
1 1 2 3 4 6 9 12 16 22 29 38 50 64 82 105 132 166 208 258 320 395 484 592 722 876 1060 1280 1539 1846 2210
0 1 1 1 0 1 1 1 0 1 1 1 0 1 1 1 0 1 1 1 0 1 1 1 0 1 1 1 0 1 1
params:(sp,dist,diff,A,B,C,D):1 3 1 1 2 0 1
周期4
1 1 2 3 4 6 9 12 16 22 29 38 50 64 82 105 132 166 208 258 320 395 484 592 722 876 1060 1280 1539 1846 2210
0 1 1 1 0 1 1 1 0 1 1 1 0 1 1 1 0 1 1 1 0 1 1 1 0 1 1 1 0 1 1
params:(sp,dist,diff,A,B,C,D):1 3 1 1 3 0 1
周期4
1 1 2 3 4 6 9 12 16 22 29 38 50 64 82 105 132 166 208 258 320 395 484 592 722 876 1060 1280 1539 1846 2210
0 1 1 1 0 1 1 1 0 1 1 1 0 1 1 1 0 1 1 1 0 1 1 1 0 1 1 1 0 1 1
params:(sp,dist,diff,A,B,C,D):1 3 1 2 0 0 1
周期4
1 1 2 3 4 6 9 12 16 22 29 38 50 64 82 105 132 166 208 258 320 395 484 592 722 876 1060 1280 1539 1846 2210
0 1 1 1 0 1 1 1 0 1 1 1 0 1 1 1 0 1 1 1 0 1 1 1 0 1 1 1 0 1 1
params:(sp,dist,diff,A,B,C,D):1 3 1 2 0 0 3
周期4
1 1 2 3 4 6 9 12 16 22 29 38 50 64 82 105 132 166 208 258 320 395 484 592 722 876 1060 1280 1539 1846 2210
0 1 1 1 0 1 1 1 0 1 1 1 0 1 1 1 0 1 1 1 0 1 1 1 0 1 1 1 0 1 1
params:(sp,dist,diff,A,B,C,D):1 3 1 2 0 1 3
周期3
1 1 2 2 4 5 7 9 13 16 22 27 36 44 57 70 89 108 135 163 202 243 297 355 431 513 617 731 874 1031 1225
0 1 1 0 1 1 0 1 1 0 1 1 0 1 1 0 1 1 0 1 1 0 1 1 0 1 1 0 1 1 0
params:(sp,dist,diff,A,B,C,D):1 3 1 2 0 2 3
周期3
1 1 2 2 4 5 7 9 13 16 22 27 36 44 57 70 89 108 135 163 202 243 297 355 431 513 617 731 874 1031 1225
0 1 1 0 1 1 0 1 1 0 1 1 0 1 1 0 1 1 0 1 1 0 1 1 0 1 1 0 1 1 0
params:(sp,dist,diff,A,B,C,D):1 3 1 2 1 0 1
周期4
1 1 2 3 4 6 9 12 16 22 29 38 50 64 82 105 132 166 208 258 320 395 484 592 722 876 1060 1280 1539 1846 2210
0 1 1 1 0 1 1 1 0 1 1 1 0 1 1 1 0 1 1 1 0 1 1 1 0 1 1 1 0 1 1
params:(sp,dist,diff,A,B,C,D):1 3 1 2 1 0 2
周期8
1 1 2 2 4 4 7 8 12 14 20 23 32 37 50 58 76 88 114 132 167 194 242 280 346 400 488 564 682 786 944
0 1 1 0 1 0 1 1 0 1 1 0 1 0 1 1 0 1 1 0 1 0 1 1 0 1 1 0 1 0 1
params:(sp,dist,diff,A,B,C,D):1 3 1 2 1 1 2
周期8
1 1 2 3 3 5 7 9 12 16 20 26 33 41 51 64 79 97 119 144 175 212 254 305 365 434 516 612 722 851 1002
0 1 1 1 -1 1 1 1 0 1 1 1 -1 1 1 1 0 1 1 1 -1 1 1 1 0 1 1 1 -1 1 1
params:(sp,dist,diff,A,B,C,D):1 3 1 2 2 0 1
周期4
1 1 2 3 4 6 9 12 16 22 29 38 50 64 82 105 132 166 208 258 320 395 484 592 722 876 1060 1280 1539 1846 2210
0 1 1 1 0 1 1 1 0 1 1 1 0 1 1 1 0 1 1 1 0 1 1 1 0 1 1 1 0 1 1
params:(sp,dist,diff,A,B,C,D):1 3 1 2 3 0 1
周期4
1 1 2 3 4 6 9 12 16 22 29 38 50 64 82 105 132 166 208 258 320 395 484 592 722 876 1060 1280 1539 1846 2210
0 1 1 1 0 1 1 1 0 1 1 1 0 1 1 1 0 1 1 1 0 1 1 1 0 1 1 1 0 1 1
params:(sp,dist,diff,A,B,C,D):1 3 1 3 0 0 1
周期4
1 1 2 3 4 6 9 12 16 22 29 38 50 64 82 105 132 166 208 258 320 395 484 592 722 876 1060 1280 1539 1846 2210
0 1 1 1 0 1 1 1 0 1 1 1 0 1 1 1 0 1 1 1 0 1 1 1 0 1 1 1 0 1 1
params:(sp,dist,diff,A,B,C,D):1 3 1 3 0 0 2
周期4
1 1 2 3 4 6 9 12 16 22 29 38 50 64 82 105 132 166 208 258 320 395 484 592 722 876 1060 1280 1539 1846 2210
0 1 1 1 0 1 1 1 0 1 1 1 0 1 1 1 0 1 1 1 0 1 1 1 0 1 1 1 0 1 1
params:(sp,dist,diff,A,B,C,D):1 3 1 3 0 0 3
周期4
1 1 2 3 4 6 9 12 16 22 29 38 50 64 82 105 132 166 208 258 320 395 484 592 722 876 1060 1280 1539 1846 2210
0 1 1 1 0 1 1 1 0 1 1 1 0 1 1 1 0 1 1 1 0 1 1 1 0 1 1 1 0 1 1
params:(sp,dist,diff,A,B,C,D):1 3 1 3 0 1 2
周期4
1 1 2 3 4 6 9 12 16 22 29 38 50 64 82 105 132 166 208 258 320 395 484 592 722 876 1060 1280 1539 1846 2210
0 1 1 1 0 1 1 1 0 1 1 1 0 1 1 1 0 1 1 1 0 1 1 1 0 1 1 1 0 1 1
params:(sp,dist,diff,A,B,C,D):1 3 1 3 0 1 3
周期4
1 1 2 3 4 6 9 12 16 22 29 38 50 64 82 105 132 166 208 258 320 395 484 592 722 876 1060 1280 1539 1846 2210
0 1 1 1 0 1 1 1 0 1 1 1 0 1 1 1 0 1 1 1 0 1 1 1 0 1 1 1 0 1 1
params:(sp,dist,diff,A,B,C,D):1 3 1 3 0 2 3
周期4
1 1 2 3 4 6 9 12 16 22 29 38 50 64 82 105 132 166 208 258 320 395 484 592 722 876 1060 1280 1539 1846 2210
0 1 1 1 0 1 1 1 0 1 1 1 0 1 1 1 0 1 1 1 0 1 1 1 0 1 1 1 0 1 1
params:(sp,dist,diff,A,B,C,D):1 3 1 3 1 0 1
周期4
1 1 2 3 4 6 9 12 16 22 29 38 50 64 82 105 132 166 208 258 320 395 484 592 722 876 1060 1280 1539 1846 2210
0 1 1 1 0 1 1 1 0 1 1 1 0 1 1 1 0 1 1 1 0 1 1 1 0 1 1 1 0 1 1
params:(sp,dist,diff,A,B,C,D):1 3 1 3 1 1 2
周期10
1 1 2 3 4 6 8 11 15 20 26 34 44 56 71 90 112 140 174 214 263 322 392 476 576 694 834 1000 1194 1423 1692
0 1 1 1 0 1 0 1 1 1 0 1 1 1 0 1 0 1 1 1 0 1 1 1 0 1 0 1 1 1 0
params:(sp,dist,diff,A,B,C,D):1 3 1 3 2 0 1
周期4
1 1 2 3 4 6 9 12 16 22 29 38 50 64 82 105 132 166 208 258 320 395 484 592 722 876 1060 1280 1539 1846 2210
0 1 1 1 0 1 1 1 0 1 1 1 0 1 1 1 0 1 1 1 0 1 1 1 0 1 1 1 0 1 1
params:(sp,dist,diff,A,B,C,D):1 3 1 3 3 0 1
周期4
1 1 2 3 4 6 9 12 16 22 29 38 50 64 82 105 132 166 208 258 320 395 484 592 722 876 1060 1280 1539 1846 2210
0 1 1 1 0 1 1 1 0 1 1 1 0 1 1 1 0 1 1 1 0 1 1 1 0 1 1 1 0 1 1
params:(sp,dist,diff,A,B,C,D):1 3 2 1 0 0 1
周期9
1 1 2 3 4 5 8 10 14 18 24 30 40 49 63 78 98 120 150 182 224 271 330 396 480 572 687 817 974 1151 1367
0 1 1 1 0 0 1 1 1 0 1 1 1 0 0 1 1 1 0 1 1 1 0 0 1 1 1 0 1 1 1
params:(sp,dist,diff,A,B,C,D):1 3 2 1 0 0 2
周期9
1 1 2 3 4 5 8 10 14 18 24 30 40 49 63 78 98 120 150 182 224 271 330 396 480 572 687 817 974 1151 1367
0 1 1 1 0 0 1 1 1 0 1 1 1 0 0 1 1 1 0 1 1 1 0 0 1 1 1 0 1 1 1
params:(sp,dist,diff,A,B,C,D):1 3 2 1 1 0 1
周期9
1 1 2 3 4 5 8 10 14 18 24 30 40 49 63 78 98 120 150 182 224 271 330 396 480 572 687 817 974 1151 1367
0 1 1 1 0 0 1 1 1 0 1 1 1 0 0 1 1 1 0 1 1 1 0 0 1 1 1 0 1 1 1
params:(sp,dist,diff,A,B,C,D):1 3 2 1 2 0 1
周期9
1 1 2 3 4 5 8 10 14 18 24 30 40 49 63 78 98 120 150 182 224 271 330 396 480 572 687 817 974 1151 1367
0 1 1 1 0 0 1 1 1 0 1 1 1 0 0 1 1 1 0 1 1 1 0 0 1 1 1 0 1 1 1
params:(sp,dist,diff,A,B,C,D):1 3 2 1 3 0 1
周期9
1 1 2 3 4 5 8 10 14 18 24 30 40 49 63 78 98 120 150 182 224 271 330 396 480 572 687 817 974 1151 1367
0 1 1 1 0 0 1 1 1 0 1 1 1 0 0 1 1 1 0 1 1 1 0 0 1 1 1 0 1 1 1
params:(sp,dist,diff,A,B,C,D):1 3 2 2 0 0 1
周期9
1 1 2 3 4 5 8 10 14 18 24 30 40 49 63 78 98 120 150 182 224 271 330 396 480 572 687 817 974 1151 1367
0 1 1 1 0 0 1 1 1 0 1 1 1 0 0 1 1 1 0 1 1 1 0 0 1 1 1 0 1 1 1
params:(sp,dist,diff,A,B,C,D):1 3 2 2 0 0 3
周期9
1 1 2 3 4 5 8 10 14 18 24 30 40 49 63 78 98 120 150 182 224 271 330 396 480 572 687 817 974 1151 1367
0 1 1 1 0 0 1 1 1 0 1 1 1 0 0 1 1 1 0 1 1 1 0 0 1 1 1 0 1 1 1
params:(sp,dist,diff,A,B,C,D):1 3 2 2 1 0 1
周期9
1 1 2 3 4 5 8 10 14 18 24 30 40 49 63 78 98 120 150 182 224 271 330 396 480 572 687 817 974 1151 1367
0 1 1 1 0 0 1 1 1 0 1 1 1 0 0 1 1 1 0 1 1 1 0 0 1 1 1 0 1 1 1
params:(sp,dist,diff,A,B,C,D):1 3 2 2 1 0 2
周期8
1 1 2 2 4 4 7 8 12 14 20 23 32 37 50 58 76 88 114 132 167 194 242 280 346 400 488 564 682 786 944
0 1 1 0 1 0 1 1 0 1 1 0 1 0 1 1 0 1 1 0 1 0 1 1 0 1 1 0 1 0 1
params:(sp,dist,diff,A,B,C,D):1 3 2 2 1 1 2
周期8
1 1 2 3 3 5 7 9 12 16 20 26 33 41 51 64 79 97 119 144 175 212 254 305 365 434 516 612 722 851 1002
0 1 1 1 -1 1 1 1 0 1 1 1 -1 1 1 1 0 1 1 1 -1 1 1 1 0 1 1 1 -1 1 1
params:(sp,dist,diff,A,B,C,D):1 3 2 2 2 0 1
周期9
1 1 2 3 4 5 8 10 14 18 24 30 40 49 63 78 98 120 150 182 224 271 330 396 480 572 687 817 974 1151 1367
0 1 1 1 0 0 1 1 1 0 1 1 1 0 0 1 1 1 0 1 1 1 0 0 1 1 1 0 1 1 1
params:(sp,dist,diff,A,B,C,D):1 3 2 2 3 0 1
周期9
1 1 2 3 4 5 8 10 14 18 24 30 40 49 63 78 98 120 150 182 224 271 330 396 480 572 687 817 974 1151 1367
0 1 1 1 0 0 1 1 1 0 1 1 1 0 0 1 1 1 0 1 1 1 0 0 1 1 1 0 1 1 1
params:(sp,dist,diff,A,B,C,D):1 3 2 3 0 0 1
周期9
1 1 2 3 4 5 8 10 14 18 24 30 40 49 63 78 98 120 150 182 224 271 330 396 480 572 687 817 974 1151 1367
0 1 1 1 0 0 1 1 1 0 1 1 1 0 0 1 1 1 0 1 1 1 0 0 1 1 1 0 1 1 1
params:(sp,dist,diff,A,B,C,D):1 3 2 3 0 0 2
周期9
1 1 2 3 4 5 8 10 14 18 24 30 40 49 63 78 98 120 150 182 224 271 330 396 480 572 687 817 974 1151 1367
0 1 1 1 0 0 1 1 1 0 1 1 1 0 0 1 1 1 0 1 1 1 0 0 1 1 1 0 1 1 1
params:(sp,dist,diff,A,B,C,D):1 3 2 3 0 0 3
周期9
1 1 2 3 4 5 8 10 14 18 24 30 40 49 63 78 98 120 150 182 224 271 330 396 480 572 687 817 974 1151 1367
0 1 1 1 0 0 1 1 1 0 1 1 1 0 0 1 1 1 0 1 1 1 0 0 1 1 1 0 1 1 1
params:(sp,dist,diff,A,B,C,D):1 3 2 3 0 1 2
周期9
1 1 2 3 4 5 8 10 14 18 24 30 40 49 63 78 98 120 150 182 224 271 330 396 480 572 687 817 974 1151 1367
0 1 1 1 0 0 1 1 1 0 1 1 1 0 0 1 1 1 0 1 1 1 0 0 1 1 1 0 1 1 1
params:(sp,dist,diff,A,B,C,D):1 3 2 3 0 1 3
周期9
1 1 2 3 4 5 8 10 14 18 24 30 40 49 63 78 98 120 150 182 224 271 330 396 480 572 687 817 974 1151 1367
0 1 1 1 0 0 1 1 1 0 1 1 1 0 0 1 1 1 0 1 1 1 0 0 1 1 1 0 1 1 1
params:(sp,dist,diff,A,B,C,D):1 3 2 3 0 2 3
周期9
1 1 2 3 4 5 8 10 14 18 24 30 40 49 63 78 98 120 150 182 224 271 330 396 480 572 687 817 974 1151 1367
0 1 1 1 0 0 1 1 1 0 1 1 1 0 0 1 1 1 0 1 1 1 0 0 1 1 1 0 1 1 1
params:(sp,dist,diff,A,B,C,D):1 3 2 3 1 0 1
周期9
1 1 2 3 4 5 8 10 14 18 24 30 40 49 63 78 98 120 150 182 224 271 330 396 480 572 687 817 974 1151 1367
0 1 1 1 0 0 1 1 1 0 1 1 1 0 0 1 1 1 0 1 1 1 0 0 1 1 1 0 1 1 1
params:(sp,dist,diff,A,B,C,D):1 3 2 3 1 0 2
周期9
1 1 2 3 4 5 8 10 14 18 24 30 40 49 63 78 98 120 150 182 224 271 330 396 480 572 687 817 974 1151 1367
0 1 1 1 0 0 1 1 1 0 1 1 1 0 0 1 1 1 0 1 1 1 0 0 1 1 1 0 1 1 1
params:(sp,dist,diff,A,B,C,D):1 3 2 3 1 0 3
周期9
1 1 2 3 4 5 8 10 14 18 24 30 40 49 63 78 98 120 150 182 224 271 330 396 480 572 687 817 974 1151 1367
0 1 1 1 0 0 1 1 1 0 1 1 1 0 0 1 1 1 0 1 1 1 0 0 1 1 1 0 1 1 1
params:(sp,dist,diff,A,B,C,D):1 3 2 3 1 1 2
周期9
1 1 2 3 4 5 8 10 14 18 24 30 40 49 63 78 98 120 150 182 224 271 330 396 480 572 687 817 974 1151 1367
0 1 1 1 0 0 1 1 1 0 1 1 1 0 0 1 1 1 0 1 1 1 0 0 1 1 1 0 1 1 1
params:(sp,dist,diff,A,B,C,D):1 3 2 3 1 1 3
周期9
1 1 2 3 4 5 8 10 14 18 24 30 40 49 63 78 98 120 150 182 224 271 330 396 480 572 687 817 974 1151 1367
0 1 1 1 0 0 1 1 1 0 1 1 1 0 0 1 1 1 0 1 1 1 0 0 1 1 1 0 1 1 1
params:(sp,dist,diff,A,B,C,D):1 3 2 3 1 2 3
周期9
1 1 2 3 4 5 8 10 14 18 24 30 40 49 63 78 98 120 150 182 224 271 330 396 480 572 687 817 974 1151 1367
0 1 1 1 0 0 1 1 1 0 1 1 1 0 0 1 1 1 0 1 1 1 0 0 1 1 1 0 1 1 1
params:(sp,dist,diff,A,B,C,D):1 3 2 3 2 0 1
周期9
1 1 2 3 4 5 8 10 14 18 24 30 40 49 63 78 98 120 150 182 224 271 330 396 480 572 687 817 974 1151 1367
0 1 1 1 0 0 1 1 1 0 1 1 1 0 0 1 1 1 0 1 1 1 0 0 1 1 1 0 1 1 1
params:(sp,dist,diff,A,B,C,D):1 3 2 3 3 0 1
周期9
1 1 2 3 4 5 8 10 14 18 24 30 40 49 63 78 98 120 150 182 224 271 330 396 480 572 687 817 974 1151 1367
0 1 1 1 0 0 1 1 1 0 1 1 1 0 0 1 1 1 0 1 1 1 0 0 1 1 1 0 1 1 1
params:(sp,dist,diff,A,B,C,D):2 1 0 1 1 0 2
周期6
1 0 1 1 2 1 4 2 6 5 9 7 16 11 22 20 33 28 51 42 71 66 100 92 147 131 199 193 275 263 385
0 0 1 1 1 0 1 0 1 1 1 0 1 0 1 1 1 0 1 0 1 1 1 0 1 0 1 1 1 0 1
params:(sp,dist,diff,A,B,C,D):2 1 0 1 2 0 2
周期6
1 0 1 1 2 1 4 2 6 5 9 7 16 11 22 20 33 28 51 42 71 66 100 92 147 131 199 193 275 263 385
0 0 1 1 1 0 1 0 1 1 1 0 1 0 1 1 1 0 1 0 1 1 1 0 1 0 1 1 1 0 1
params:(sp,dist,diff,A,B,C,D):2 1 1 1 1 0 2
周期5
1 0 1 1 1 1 2 2 3 3 4 4 6 6 8 9 11 12 15 16 20 22 26 29 35 38 45 50 58 64 75
0 0 1 1 0 0 0 1 1 0 0 0 1 1 0 0 0 1 1 0 0 0 1 1 0 0 0 1 1 0 0
params:(sp,dist,diff,A,B,C,D):2 1 1 1 2 0 2
周期5
1 0 1 1 1 1 2 2 3 3 4 4 6 6 8 9 11 12 15 16 20 22 26 29 35 38 45 50 58 64 75
0 0 1 1 0 0 0 1 1 0 0 0 1 1 0 0 0 1 1 0 0 0 1 1 0 0 0 1 1 0 0
params:(sp,dist,diff,A,B,C,D):2 1 2 1 0 0 1
周期5
1 0 1 1 1 1 2 2 3 3 4 4 6 6 8 9 11 12 15 16 20 22 26 29 35 38 45 50 58 64 75
0 0 1 1 0 0 0 1 1 0 0 0 1 1 0 0 0 1 1 0 0 0 1 1 0 0 0 1 1 0 0
params:(sp,dist,diff,A,B,C,D):2 1 2 1 0 0 2
周期5
1 0 1 1 1 1 2 2 3 3 4 4 6 6 8 9 11 12 15 16 20 22 26 29 35 38 45 50 58 64 75
0 0 1 1 0 0 0 1 1 0 0 0 1 1 0 0 0 1 1 0 0 0 1 1 0 0 0 1 1 0 0
params:(sp,dist,diff,A,B,C,D):2 1 2 1 0 0 3
周期5
1 0 1 1 1 1 2 2 3 3 4 4 6 6 8 9 11 12 15 16 20 22 26 29 35 38 45 50 58 64 75
0 0 1 1 0 0 0 1 1 0 0 0 1 1 0 0 0 1 1 0 0 0 1 1 0 0 0 1 1 0 0
params:(sp,dist,diff,A,B,C,D):2 1 2 1 0 1 2
周期5
1 0 1 1 1 1 2 2 3 3 4 4 6 6 8 9 11 12 15 16 20 22 26 29 35 38 45 50 58 64 75
0 0 1 1 0 0 0 1 1 0 0 0 1 1 0 0 0 1 1 0 0 0 1 1 0 0 0 1 1 0 0
params:(sp,dist,diff,A,B,C,D):2 1 2 1 0 1 3
周期5
1 0 1 1 1 1 2 2 3 3 4 4 6 6 8 9 11 12 15 16 20 22 26 29 35 38 45 50 58 64 75
0 0 1 1 0 0 0 1 1 0 0 0 1 1 0 0 0 1 1 0 0 0 1 1 0 0 0 1 1 0 0
params:(sp,dist,diff,A,B,C,D):2 1 2 1 0 2 3
周期5
1 0 1 1 1 1 2 2 3 3 4 4 6 6 8 9 11 12 15 16 20 22 26 29 35 38 45 50 58 64 75
0 0 1 1 0 0 0 1 1 0 0 0 1 1 0 0 0 1 1 0 0 0 1 1 0 0 0 1 1 0 0
params:(sp,dist,diff,A,B,C,D):2 1 2 1 1 0 1
周期5
1 0 1 1 1 1 2 2 3 3 4 4 6 6 8 9 11 12 15 16 20 22 26 29 35 38 45 50 58 64 75
0 0 1 1 0 0 0 1 1 0 0 0 1 1 0 0 0 1 1 0 0 0 1 1 0 0 0 1 1 0 0
params:(sp,dist,diff,A,B,C,D):2 1 2 1 1 0 2
周期5
1 0 1 1 1 1 2 2 3 3 4 4 6 6 8 9 11 12 15 16 20 22 26 29 35 38 45 50 58 64 75
0 0 1 1 0 0 0 1 1 0 0 0 1 1 0 0 0 1 1 0 0 0 1 1 0 0 0 1 1 0 0
params:(sp,dist,diff,A,B,C,D):2 1 2 1 1 0 3
周期5
1 0 1 1 1 1 2 2 3 3 4 4 6 6 8 9 11 12 15 16 20 22 26 29 35 38 45 50 58 64 75
0 0 1 1 0 0 0 1 1 0 0 0 1 1 0 0 0 1 1 0 0 0 1 1 0 0 0 1 1 0 0
params:(sp,dist,diff,A,B,C,D):2 1 2 1 1 1 2
周期5
1 0 1 1 1 1 2 2 3 3 4 4 6 6 8 9 11 12 15 16 20 22 26 29 35 38 45 50 58 64 75
0 0 1 1 0 0 0 1 1 0 0 0 1 1 0 0 0 1 1 0 0 0 1 1 0 0 0 1 1 0 0
params:(sp,dist,diff,A,B,C,D):2 1 2 1 1 1 3
周期5
1 0 1 1 1 1 2 2 3 3 4 4 6 6 8 9 11 12 15 16 20 22 26 29 35 38 45 50 58 64 75
0 0 1 1 0 0 0 1 1 0 0 0 1 1 0 0 0 1 1 0 0 0 1 1 0 0 0 1 1 0 0
params:(sp,dist,diff,A,B,C,D):2 1 2 1 1 2 3
周期5
1 0 1 1 1 1 2 2 3 3 4 4 6 6 8 9 11 12 15 16 20 22 26 29 35 38 45 50 58 64 75
0 0 1 1 0 0 0 1 1 0 0 0 1 1 0 0 0 1 1 0 0 0 1 1 0 0 0 1 1 0 0
params:(sp,dist,diff,A,B,C,D):2 1 2 1 2 0 1
周期5
1 0 1 1 1 1 2 2 3 3 4 4 6 6 8 9 11 12 15 16 20 22 26 29 35 38 45 50 58 64 75
0 0 1 1 0 0 0 1 1 0 0 0 1 1 0 0 0 1 1 0 0 0 1 1 0 0 0 1 1 0 0
params:(sp,dist,diff,A,B,C,D):2 1 2 1 2 0 2
周期5
1 0 1 1 1 1 2 2 3 3 4 4 6 6 8 9 11 12 15 16 20 22 26 29 35 38 45 50 58 64 75
0 0 1 1 0 0 0 1 1 0 0 0 1 1 0 0 0 1 1 0 0 0 1 1 0 0 0 1 1 0 0
params:(sp,dist,diff,A,B,C,D):2 1 2 1 3 0 1
周期5
1 0 1 1 1 1 2 2 3 3 4 4 6 6 8 9 11 12 15 16 20 22 26 29 35 38 45 50 58 64 75
0 0 1 1 0 0 0 1 1 0 0 0 1 1 0 0 0 1 1 0 0 0 1 1 0 0 0 1 1 0 0
params:(sp,dist,diff,A,B,C,D):2 1 2 1 3 0 3
周期12
1 0 1 1 1 1 2 1 2 3 3 3 5 4 6 7 7 8 11 10 13 15 16 18 23 22 27 31 33 37 45
0 0 1 1 0 0 0 0 0 1 1 0 0 0 1 1 0 0 0 0 0 1 1 0 0 0 1 1 0 0 0
params:(sp,dist,diff,A,B,C,D):2 1 2 2 0 0 1
周期5
1 0 1 1 1 1 2 2 3 3 4 4 6 6 8 9 11 12 15 16 20 22 26 29 35 38 45 50 58 64 75
0 0 1 1 0 0 0 1 1 0 0 0 1 1 0 0 0 1 1 0 0 0 1 1 0 0 0 1 1 0 0
params:(sp,dist,diff,A,B,C,D):2 1 2 2 0 0 2
周期5
1 0 1 1 1 1 2 2 3 3 4 4 6 6 8 9 11 12 15 16 20 22 26 29 35 38 45 50 58 64 75
0 0 1 1 0 0 0 1 1 0 0 0 1 1 0 0 0 1 1 0 0 0 1 1 0 0 0 1 1 0 0
params:(sp,dist,diff,A,B,C,D):2 1 2 2 0 0 3
周期5
1 0 1 1 1 1 2 2 3 3 4 4 6 6 8 9 11 12 15 16 20 22 26 29 35 38 45 50 58 64 75
0 0 1 1 0 0 0 1 1 0 0 0 1 1 0 0 0 1 1 0 0 0 1 1 0 0 0 1 1 0 0
params:(sp,dist,diff,A,B,C,D):2 1 2 2 0 1 2
周期5
1 0 1 1 1 1 2 2 3 3 4 4 6 6 8 9 11 12 15 16 20 22 26 29 35 38 45 50 58 64 75
0 0 1 1 0 0 0 1 1 0 0 0 1 1 0 0 0 1 1 0 0 0 1 1 0 0 0 1 1 0 0
params:(sp,dist,diff,A,B,C,D):2 1 2 2 0 1 3
周期5
1 0 1 1 1 1 2 2 3 3 4 4 6 6 8 9 11 12 15 16 20 22 26 29 35 38 45 50 58 64 75
0 0 1 1 0 0 0 1 1 0 0 0 1 1 0 0 0 1 1 0 0 0 1 1 0 0 0 1 1 0 0
params:(sp,dist,diff,A,B,C,D):2 1 2 2 0 2 3
周期5
1 0 1 1 1 1 2 2 3 3 4 4 6 6 8 9 11 12 15 16 20 22 26 29 35 38 45 50 58 64 75
0 0 1 1 0 0 0 1 1 0 0 0 1 1 0 0 0 1 1 0 0 0 1 1 0 0 0 1 1 0 0
params:(sp,dist,diff,A,B,C,D):2 1 2 2 1 0 1
周期5
1 0 1 1 1 1 2 2 3 3 4 4 6 6 8 9 11 12 15 16 20 22 26 29 35 38 45 50 58 64 75
0 0 1 1 0 0 0 1 1 0 0 0 1 1 0 0 0 1 1 0 0 0 1 1 0 0 0 1 1 0 0
params:(sp,dist,diff,A,B,C,D):2 1 2 2 1 0 2
周期5
1 0 1 1 1 1 2 2 3 3 4 4 6 6 8 9 11 12 15 16 20 22 26 29 35 38 45 50 58 64 75
0 0 1 1 0 0 0 1 1 0 0 0 1 1 0 0 0 1 1 0 0 0 1 1 0 0 0 1 1 0 0
params:(sp,dist,diff,A,B,C,D):2 1 2 2 1 0 3
周期5
1 0 1 1 1 1 2 2 3 3 4 4 6 6 8 9 11 12 15 16 20 22 26 29 35 38 45 50 58 64 75
0 0 1 1 0 0 0 1 1 0 0 0 1 1 0 0 0 1 1 0 0 0 1 1 0 0 0 1 1 0 0
params:(sp,dist,diff,A,B,C,D):2 1 2 2 1 1 2
周期5
1 0 1 1 1 1 2 2 3 3 4 4 6 6 8 9 11 12 15 16 20 22 26 29 35 38 45 50 58 64 75
0 0 1 1 0 0 0 1 1 0 0 0 1 1 0 0 0 1 1 0 0 0 1 1 0 0 0 1 1 0 0
params:(sp,dist,diff,A,B,C,D):2 1 2 2 1 1 3
周期5
1 0 1 1 1 1 2 2 3 3 4 4 6 6 8 9 11 12 15 16 20 22 26 29 35 38 45 50 58 64 75
0 0 1 1 0 0 0 1 1 0 0 0 1 1 0 0 0 1 1 0 0 0 1 1 0 0 0 1 1 0 0
params:(sp,dist,diff,A,B,C,D):2 1 2 2 1 2 3
周期5
1 0 1 1 1 1 2 2 3 3 4 4 6 6 8 9 11 12 15 16 20 22 26 29 35 38 45 50 58 64 75
0 0 1 1 0 0 0 1 1 0 0 0 1 1 0 0 0 1 1 0 0 0 1 1 0 0 0 1 1 0 0
params:(sp,dist,diff,A,B,C,D):2 1 2 2 2 0 1
周期5
1 0 1 1 1 1 2 2 3 3 4 4 6 6 8 9 11 12 15 16 20 22 26 29 35 38 45 50 58 64 75
0 0 1 1 0 0 0 1 1 0 0 0 1 1 0 0 0 1 1 0 0 0 1 1 0 0 0 1 1 0 0
params:(sp,dist,diff,A,B,C,D):2 1 2 2 2 0 2
周期5
1 0 1 1 1 1 2 2 3 3 4 4 6 6 8 9 11 12 15 16 20 22 26 29 35 38 45 50 58 64 75
0 0 1 1 0 0 0 1 1 0 0 0 1 1 0 0 0 1 1 0 0 0 1 1 0 0 0 1 1 0 0
params:(sp,dist,diff,A,B,C,D):2 1 2 2 2 0 3
周期5
1 0 1 1 1 1 2 2 3 3 4 4 6 6 8 9 11 12 15 16 20 22 26 29 35 38 45 50 58 64 75
0 0 1 1 0 0 0 1 1 0 0 0 1 1 0 0 0 1 1 0 0 0 1 1 0 0 0 1 1 0 0
params:(sp,dist,diff,A,B,C,D):2 1 2 2 2 1 2
周期5
1 0 1 1 1 1 2 2 3 3 4 4 6 6 8 9 11 12 15 16 20 22 26 29 35 38 45 50 58 64 75
0 0 1 1 0 0 0 1 1 0 0 0 1 1 0 0 0 1 1 0 0 0 1 1 0 0 0 1 1 0 0
params:(sp,dist,diff,A,B,C,D):2 1 2 2 2 1 3
周期5
1 0 1 1 1 1 2 2 3 3 4 4 6 6 8 9 11 12 15 16 20 22 26 29 35 38 45 50 58 64 75
0 0 1 1 0 0 0 1 1 0 0 0 1 1 0 0 0 1 1 0 0 0 1 1 0 0 0 1 1 0 0
params:(sp,dist,diff,A,B,C,D):2 1 2 2 2 2 3
周期5
1 0 1 1 1 1 2 2 3 3 4 4 6 6 8 9 11 12 15 16 20 22 26 29 35 38 45 50 58 64 75
0 0 1 1 0 0 0 1 1 0 0 0 1 1 0 0 0 1 1 0 0 0 1 1 0 0 0 1 1 0 0
params:(sp,dist,diff,A,B,C,D):2 1 2 2 3 0 1
周期5
1 0 1 1 1 1 2 2 3 3 4 4 6 6 8 9 11 12 15 16 20 22 26 29 35 38 45 50 58 64 75
0 0 1 1 0 0 0 1 1 0 0 0 1 1 0 0 0 1 1 0 0 0 1 1 0 0 0 1 1 0 0
params:(sp,dist,diff,A,B,C,D):2 1 2 2 3 0 2
周期5
1 0 1 1 1 1 2 2 3 3 4 4 6 6 8 9 11 12 15 16 20 22 26 29 35 38 45 50 58 64 75
0 0 1 1 0 0 0 1 1 0 0 0 1 1 0 0 0 1 1 0 0 0 1 1 0 0 0 1 1 0 0
params:(sp,dist,diff,A,B,C,D):2 1 2 2 3 0 3
周期5
1 0 1 1 1 1 2 2 3 3 4 4 6 6 8 9 11 12 15 16 20 22 26 29 35 38 45 50 58 64 75
0 0 1 1 0 0 0 1 1 0 0 0 1 1 0 0 0 1 1 0 0 0 1 1 0 0 0 1 1 0 0
params:(sp,dist,diff,A,B,C,D):2 1 2 2 3 1 2
周期5
1 0 1 1 1 1 2 2 3 3 4 4 6 6 8 9 11 12 15 16 20 22 26 29 35 38 45 50 58 64 75
0 0 1 1 0 0 0 1 1 0 0 0 1 1 0 0 0 1 1 0 0 0 1 1 0 0 0 1 1 0 0
params:(sp,dist,diff,A,B,C,D):2 1 2 2 3 1 3
周期5
1 0 1 1 1 1 2 2 3 3 4 4 6 6 8 9 11 12 15 16 20 22 26 29 35 38 45 50 58 64 75
0 0 1 1 0 0 0 1 1 0 0 0 1 1 0 0 0 1 1 0 0 0 1 1 0 0 0 1 1 0 0
params:(sp,dist,diff,A,B,C,D):2 1 2 2 3 2 3
周期5
1 0 1 1 1 1 2 2 3 3 4 4 6 6 8 9 11 12 15 16 20 22 26 29 35 38 45 50 58 64 75
0 0 1 1 0 0 0 1 1 0 0 0 1 1 0 0 0 1 1 0 0 0 1 1 0 0 0 1 1 0 0
params:(sp,dist,diff,A,B,C,D):2 1 2 3 0 0 1
周期5
1 0 1 1 1 1 2 2 3 3 4 4 6 6 8 9 11 12 15 16 20 22 26 29 35 38 45 50 58 64 75
0 0 1 1 0 0 0 1 1 0 0 0 1 1 0 0 0 1 1 0 0 0 1 1 0 0 0 1 1 0 0
params:(sp,dist,diff,A,B,C,D):2 1 2 3 0 0 2
周期5
1 0 1 1 1 1 2 2 3 3 4 4 6 6 8 9 11 12 15 16 20 22 26 29 35 38 45 50 58 64 75
0 0 1 1 0 0 0 1 1 0 0 0 1 1 0 0 0 1 1 0 0 0 1 1 0 0 0 1 1 0 0
params:(sp,dist,diff,A,B,C,D):2 1 2 3 0 0 3
周期5
1 0 1 1 1 1 2 2 3 3 4 4 6 6 8 9 11 12 15 16 20 22 26 29 35 38 45 50 58 64 75
0 0 1 1 0 0 0 1 1 0 0 0 1 1 0 0 0 1 1 0 0 0 1 1 0 0 0 1 1 0 0
params:(sp,dist,diff,A,B,C,D):2 1 2 3 0 1 2
周期5
1 0 1 1 1 1 2 2 3 3 4 4 6 6 8 9 11 12 15 16 20 22 26 29 35 38 45 50 58 64 75
0 0 1 1 0 0 0 1 1 0 0 0 1 1 0 0 0 1 1 0 0 0 1 1 0 0 0 1 1 0 0
params:(sp,dist,diff,A,B,C,D):2 1 2 3 0 1 3
周期5
1 0 1 1 1 1 2 2 3 3 4 4 6 6 8 9 11 12 15 16 20 22 26 29 35 38 45 50 58 64 75
0 0 1 1 0 0 0 1 1 0 0 0 1 1 0 0 0 1 1 0 0 0 1 1 0 0 0 1 1 0 0
params:(sp,dist,diff,A,B,C,D):2 1 2 3 0 2 3
周期5
1 0 1 1 1 1 2 2 3 3 4 4 6 6 8 9 11 12 15 16 20 22 26 29 35 38 45 50 58 64 75
0 0 1 1 0 0 0 1 1 0 0 0 1 1 0 0 0 1 1 0 0 0 1 1 0 0 0 1 1 0 0
params:(sp,dist,diff,A,B,C,D):2 1 2 3 1 0 1
周期5
1 0 1 1 1 1 2 2 3 3 4 4 6 6 8 9 11 12 15 16 20 22 26 29 35 38 45 50 58 64 75
0 0 1 1 0 0 0 1 1 0 0 0 1 1 0 0 0 1 1 0 0 0 1 1 0 0 0 1 1 0 0
params:(sp,dist,diff,A,B,C,D):2 1 2 3 1 0 2
周期5
1 0 1 1 1 1 2 2 3 3 4 4 6 6 8 9 11 12 15 16 20 22 26 29 35 38 45 50 58 64 75
0 0 1 1 0 0 0 1 1 0 0 0 1 1 0 0 0 1 1 0 0 0 1 1 0 0 0 1 1 0 0
params:(sp,dist,diff,A,B,C,D):2 1 2 3 1 0 3
周期5
1 0 1 1 1 1 2 2 3 3 4 4 6 6 8 9 11 12 15 16 20 22 26 29 35 38 45 50 58 64 75
0 0 1 1 0 0 0 1 1 0 0 0 1 1 0 0 0 1 1 0 0 0 1 1 0 0 0 1 1 0 0
params:(sp,dist,diff,A,B,C,D):2 1 2 3 1 1 2
周期5
1 0 1 1 1 1 2 2 3 3 4 4 6 6 8 9 11 12 15 16 20 22 26 29 35 38 45 50 58 64 75
0 0 1 1 0 0 0 1 1 0 0 0 1 1 0 0 0 1 1 0 0 0 1 1 0 0 0 1 1 0 0
params:(sp,dist,diff,A,B,C,D):2 1 2 3 1 1 3
周期5
1 0 1 1 1 1 2 2 3 3 4 4 6 6 8 9 11 12 15 16 20 22 26 29 35 38 45 50 58 64 75
0 0 1 1 0 0 0 1 1 0 0 0 1 1 0 0 0 1 1 0 0 0 1 1 0 0 0 1 1 0 0
params:(sp,dist,diff,A,B,C,D):2 1 2 3 1 2 3
周期5
1 0 1 1 1 1 2 2 3 3 4 4 6 6 8 9 11 12 15 16 20 22 26 29 35 38 45 50 58 64 75
0 0 1 1 0 0 0 1 1 0 0 0 1 1 0 0 0 1 1 0 0 0 1 1 0 0 0 1 1 0 0
params:(sp,dist,diff,A,B,C,D):2 1 2 3 2 0 1
周期5
1 0 1 1 1 1 2 2 3 3 4 4 6 6 8 9 11 12 15 16 20 22 26 29 35 38 45 50 58 64 75
0 0 1 1 0 0 0 1 1 0 0 0 1 1 0 0 0 1 1 0 0 0 1 1 0 0 0 1 1 0 0
params:(sp,dist,diff,A,B,C,D):2 1 2 3 2 0 2
周期5
1 0 1 1 1 1 2 2 3 3 4 4 6 6 8 9 11 12 15 16 20 22 26 29 35 38 45 50 58 64 75
0 0 1 1 0 0 0 1 1 0 0 0 1 1 0 0 0 1 1 0 0 0 1 1 0 0 0 1 1 0 0
params:(sp,dist,diff,A,B,C,D):2 1 2 3 2 0 3
周期5
1 0 1 1 1 1 2 2 3 3 4 4 6 6 8 9 11 12 15 16 20 22 26 29 35 38 45 50 58 64 75
0 0 1 1 0 0 0 1 1 0 0 0 1 1 0 0 0 1 1 0 0 0 1 1 0 0 0 1 1 0 0
params:(sp,dist,diff,A,B,C,D):2 1 2 3 2 1 2
周期5
1 0 1 1 1 1 2 2 3 3 4 4 6 6 8 9 11 12 15 16 20 22 26 29 35 38 45 50 58 64 75
0 0 1 1 0 0 0 1 1 0 0 0 1 1 0 0 0 1 1 0 0 0 1 1 0 0 0 1 1 0 0
params:(sp,dist,diff,A,B,C,D):2 1 2 3 2 1 3
周期5
1 0 1 1 1 1 2 2 3 3 4 4 6 6 8 9 11 12 15 16 20 22 26 29 35 38 45 50 58 64 75
0 0 1 1 0 0 0 1 1 0 0 0 1 1 0 0 0 1 1 0 0 0 1 1 0 0 0 1 1 0 0
params:(sp,dist,diff,A,B,C,D):2 1 2 3 2 2 3
周期5
1 0 1 1 1 1 2 2 3 3 4 4 6 6 8 9 11 12 15 16 20 22 26 29 35 38 45 50 58 64 75
0 0 1 1 0 0 0 1 1 0 0 0 1 1 0 0 0 1 1 0 0 0 1 1 0 0 0 1 1 0 0
params:(sp,dist,diff,A,B,C,D):2 1 2 3 3 0 1
周期5
1 0 1 1 1 1 2 2 3 3 4 4 6 6 8 9 11 12 15 16 20 22 26 29 35 38 45 50 58 64 75
0 0 1 1 0 0 0 1 1 0 0 0 1 1 0 0 0 1 1 0 0 0 1 1 0 0 0 1 1 0 0
params:(sp,dist,diff,A,B,C,D):2 1 2 3 3 0 2
周期5
1 0 1 1 1 1 2 2 3 3 4 4 6 6 8 9 11 12 15 16 20 22 26 29 35 38 45 50 58 64 75
0 0 1 1 0 0 0 1 1 0 0 0 1 1 0 0 0 1 1 0 0 0 1 1 0 0 0 1 1 0 0
params:(sp,dist,diff,A,B,C,D):2 1 2 3 3 0 3
周期5
1 0 1 1 1 1 2 2 3 3 4 4 6 6 8 9 11 12 15 16 20 22 26 29 35 38 45 50 58 64 75
0 0 1 1 0 0 0 1 1 0 0 0 1 1 0 0 0 1 1 0 0 0 1 1 0 0 0 1 1 0 0
params:(sp,dist,diff,A,B,C,D):2 1 2 3 3 1 2
周期5
1 0 1 1 1 1 2 2 3 3 4 4 6 6 8 9 11 12 15 16 20 22 26 29 35 38 45 50 58 64 75
0 0 1 1 0 0 0 1 1 0 0 0 1 1 0 0 0 1 1 0 0 0 1 1 0 0 0 1 1 0 0
params:(sp,dist,diff,A,B,C,D):2 1 2 3 3 1 3
周期5
1 0 1 1 1 1 2 2 3 3 4 4 6 6 8 9 11 12 15 16 20 22 26 29 35 38 45 50 58 64 75
0 0 1 1 0 0 0 1 1 0 0 0 1 1 0 0 0 1 1 0 0 0 1 1 0 0 0 1 1 0 0
params:(sp,dist,diff,A,B,C,D):2 1 2 3 3 2 3
周期5
1 0 1 1 1 1 2 2 3 3 4 4 6 6 8 9 11 12 15 16 20 22 26 29 35 38 45 50 58 64 75
0 0 1 1 0 0 0 1 1 0 0 0 1 1 0 0 0 1 1 0 0 0 1 1 0 0 0 1 1 0 0
params:(sp,dist,diff,A,B,C,D):2 2 0 1 1 0 2
周期6
1 0 1 1 2 1 4 2 6 5 9 7 16 11 22 20 33 28 51 42 71 66 100 92 147 131 199 193 275 263 385
0 0 1 1 1 0 1 0 1 1 1 0 1 0 1 1 1 0 1 0 1 1 1 0 1 0 1 1 1 0 1
params:(sp,dist,diff,A,B,C,D):2 2 0 1 2 0 2
周期6
1 0 1 1 2 1 4 2 6 5 9 7 16 11 22 20 33 28 51 42 71 66 100 92 147 131 199 193 275 263 385
0 0 1 1 1 0 1 0 1 1 1 0 1 0 1 1 1 0 1 0 1 1 1 0 1 0 1 1 1 0 1
params:(sp,dist,diff,A,B,C,D):2 2 1 1 1 0 2
周期6
1 0 1 1 2 1 3 2 5 4 7 6 11 9 15 14 22 20 31 29 43 41 58 57 80 78 106 107 142 143 188
0 0 1 1 1 0 0 0 1 1 1 0 0 0 1 1 1 0 0 0 1 1 1 0 0 0 1 1 1 0 0
params:(sp,dist,diff,A,B,C,D):2 2 1 1 2 0 2
周期6
1 0 1 1 2 1 3 2 5 4 7 6 11 9 15 14 22 20 31 29 43 41 58 57 80 78 106 107 142 143 188
0 0 1 1 1 0 0 0 1 1 1 0 0 0 1 1 1 0 0 0 1 1 1 0 0 0 1 1 1 0 0
params:(sp,dist,diff,A,B,C,D):2 2 1 2 1 0 3
周期7
1 0 1 1 2 2 3 3 5 6 8 9 13 14 19 22 28 32 41 47 59 68 83 96 117 134 161 186 221 254 301
0 0 1 1 1 1 0 0 0 1 1 1 1 0 0 0 1 1 1 1 0 0 0 1 1 1 1 0 0 0 1
params:(sp,dist,diff,A,B,C,D):2 2 2 1 0 0 1
周期7
1 0 1 1 2 2 3 3 5 6 8 9 13 14 19 22 28 32 41 47 59 68 83 96 117 134 161 186 221 254 301
0 0 1 1 1 1 0 0 0 1 1 1 1 0 0 0 1 1 1 1 0 0 0 1 1 1 1 0 0 0 1
params:(sp,dist,diff,A,B,C,D):2 2 2 1 0 0 2
周期7
1 0 1 1 2 2 3 3 5 6 8 9 13 14 19 22 28 32 41 47 59 68 83 96 117 134 161 186 221 254 301
0 0 1 1 1 1 0 0 0 1 1 1 1 0 0 0 1 1 1 1 0 0 0 1 1 1 1 0 0 0 1
params:(sp,dist,diff,A,B,C,D):2 2 2 1 1 0 1
周期7
1 0 1 1 2 2 3 3 5 6 8 9 13 14 19 22 28 32 41 47 59 68 83 96 117 134 161 186 221 254 301
0 0 1 1 1 1 0 0 0 1 1 1 1 0 0 0 1 1 1 1 0 0 0 1 1 1 1 0 0 0 1
params:(sp,dist,diff,A,B,C,D):2 2 2 1 1 0 2
周期6
1 0 1 1 2 1 3 2 5 4 7 6 11 9 15 14 22 20 31 29 43 41 58 57 80 78 106 107 142 143 188
0 0 1 1 1 0 0 0 1 1 1 0 0 0 1 1 1 0 0 0 1 1 1 0 0 0 1 1 1 0 0
params:(sp,dist,diff,A,B,C,D):2 2 2 1 2 0 1
周期7
1 0 1 1 2 2 3 3 5 6 8 9 13 14 19 22 28 32 41 47 59 68 83 96 117 134 161 186 221 254 301
0 0 1 1 1 1 0 0 0 1 1 1 1 0 0 0 1 1 1 1 0 0 0 1 1 1 1 0 0 0 1
params:(sp,dist,diff,A,B,C,D):2 2 2 1 2 0 2
周期6
1 0 1 1 2 1 3 2 5 4 7 6 11 9 15 14 22 20 31 29 43 41 58 57 80 78 106 107 142 143 188
0 0 1 1 1 0 0 0 1 1 1 0 0 0 1 1 1 0 0 0 1 1 1 0 0 0 1 1 1 0 0
params:(sp,dist,diff,A,B,C,D):2 2 2 1 3 0 1
周期7
1 0 1 1 2 2 3 3 5 6 8 9 13 14 19 22 28 32 41 47 59 68 83 96 117 134 161 186 221 254 301
0 0 1 1 1 1 0 0 0 1 1 1 1 0 0 0 1 1 1 1 0 0 0 1 1 1 1 0 0 0 1
params:(sp,dist,diff,A,B,C,D):2 2 2 2 0 0 1
周期7
1 0 1 1 2 2 3 3 5 6 8 9 13 14 19 22 28 32 41 47 59 68 83 96 117 134 161 186 221 254 301
0 0 1 1 1 1 0 0 0 1 1 1 1 0 0 0 1 1 1 1 0 0 0 1 1 1 1 0 0 0 1
params:(sp,dist,diff,A,B,C,D):2 2 2 2 0 0 2
周期7
1 0 1 1 2 2 3 3 5 6 8 9 13 14 19 22 28 32 41 47 59 68 83 96 117 134 161 186 221 254 301
0 0 1 1 1 1 0 0 0 1 1 1 1 0 0 0 1 1 1 1 0 0 0 1 1 1 1 0 0 0 1
params:(sp,dist,diff,A,B,C,D):2 2 2 2 0 0 3
周期7
1 0 1 1 2 2 3 3 5 6 8 9 13 14 19 22 28 32 41 47 59 68 83 96 117 134 161 186 221 254 301
0 0 1 1 1 1 0 0 0 1 1 1 1 0 0 0 1 1 1 1 0 0 0 1 1 1 1 0 0 0 1
params:(sp,dist,diff,A,B,C,D):2 2 2 2 0 1 2
周期7
1 0 1 1 2 2 3 3 5 6 8 9 13 14 19 22 28 32 41 47 59 68 83 96 117 134 161 186 221 254 301
0 0 1 1 1 1 0 0 0 1 1 1 1 0 0 0 1 1 1 1 0 0 0 1 1 1 1 0 0 0 1
params:(sp,dist,diff,A,B,C,D):2 2 2 2 0 1 3
周期7
1 0 1 1 2 2 3 3 5 6 8 9 13 14 19 22 28 32 41 47 59 68 83 96 117 134 161 186 221 254 301
0 0 1 1 1 1 0 0 0 1 1 1 1 0 0 0 1 1 1 1 0 0 0 1 1 1 1 0 0 0 1
params:(sp,dist,diff,A,B,C,D):2 2 2 2 0 2 3
周期7
1 0 1 1 2 2 3 3 5 6 8 9 13 14 19 22 28 32 41 47 59 68 83 96 117 134 161 186 221 254 301
0 0 1 1 1 1 0 0 0 1 1 1 1 0 0 0 1 1 1 1 0 0 0 1 1 1 1 0 0 0 1
params:(sp,dist,diff,A,B,C,D):2 2 2 2 1 0 1
周期7
1 0 1 1 2 2 3 3 5 6 8 9 13 14 19 22 28 32 41 47 59 68 83 96 117 134 161 186 221 254 301
0 0 1 1 1 1 0 0 0 1 1 1 1 0 0 0 1 1 1 1 0 0 0 1 1 1 1 0 0 0 1
params:(sp,dist,diff,A,B,C,D):2 2 2 2 1 0 2
周期7
1 0 1 1 2 2 3 3 5 6 8 9 13 14 19 22 28 32 41 47 59 68 83 96 117 134 161 186 221 254 301
0 0 1 1 1 1 0 0 0 1 1 1 1 0 0 0 1 1 1 1 0 0 0 1 1 1 1 0 0 0 1
params:(sp,dist,diff,A,B,C,D):2 2 2 2 1 0 3
周期7
1 0 1 1 2 2 3 3 5 6 8 9 13 14 19 22 28 32 41 47 59 68 83 96 117 134 161 186 221 254 301
0 0 1 1 1 1 0 0 0 1 1 1 1 0 0 0 1 1 1 1 0 0 0 1 1 1 1 0 0 0 1
params:(sp,dist,diff,A,B,C,D):2 2 2 2 1 1 2
周期7
1 0 1 1 2 2 3 3 5 6 8 9 13 14 19 22 28 32 41 47 59 68 83 96 117 134 161 186 221 254 301
0 0 1 1 1 1 0 0 0 1 1 1 1 0 0 0 1 1 1 1 0 0 0 1 1 1 1 0 0 0 1
params:(sp,dist,diff,A,B,C,D):2 2 2 2 1 1 3
周期7
1 0 1 1 2 2 3 3 5 6 8 9 13 14 19 22 28 32 41 47 59 68 83 96 117 134 161 186 221 254 301
0 0 1 1 1 1 0 0 0 1 1 1 1 0 0 0 1 1 1 1 0 0 0 1 1 1 1 0 0 0 1
params:(sp,dist,diff,A,B,C,D):2 2 2 2 1 2 3
周期7
1 0 1 1 2 2 3 3 5 6 8 9 13 14 19 22 28 32 41 47 59 68 83 96 117 134 161 186 221 254 301
0 0 1 1 1 1 0 0 0 1 1 1 1 0 0 0 1 1 1 1 0 0 0 1 1 1 1 0 0 0 1
params:(sp,dist,diff,A,B,C,D):2 2 2 2 2 0 1
周期7
1 0 1 1 2 2 3 3 5 6 8 9 13 14 19 22 28 32 41 47 59 68 83 96 117 134 161 186 221 254 301
0 0 1 1 1 1 0 0 0 1 1 1 1 0 0 0 1 1 1 1 0 0 0 1 1 1 1 0 0 0 1
params:(sp,dist,diff,A,B,C,D):2 2 2 2 3 0 1
周期7
1 0 1 1 2 2 3 3 5 6 8 9 13 14 19 22 28 32 41 47 59 68 83 96 117 134 161 186 221 254 301
0 0 1 1 1 1 0 0 0 1 1 1 1 0 0 0 1 1 1 1 0 0 0 1 1 1 1 0 0 0 1
params:(sp,dist,diff,A,B,C,D):2 2 2 3 0 0 1
周期7
1 0 1 1 2 2 3 3 5 6 8 9 13 14 19 22 28 32 41 47 59 68 83 96 117 134 161 186 221 254 301
0 0 1 1 1 1 0 0 0 1 1 1 1 0 0 0 1 1 1 1 0 0 0 1 1 1 1 0 0 0 1
params:(sp,dist,diff,A,B,C,D):2 2 2 3 0 0 2
周期7
1 0 1 1 2 2 3 3 5 6 8 9 13 14 19 22 28 32 41 47 59 68 83 96 117 134 161 186 221 254 301
0 0 1 1 1 1 0 0 0 1 1 1 1 0 0 0 1 1 1 1 0 0 0 1 1 1 1 0 0 0 1
params:(sp,dist,diff,A,B,C,D):2 2 2 3 0 0 3
周期7
1 0 1 1 2 2 3 3 5 6 8 9 13 14 19 22 28 32 41 47 59 68 83 96 117 134 161 186 221 254 301
0 0 1 1 1 1 0 0 0 1 1 1 1 0 0 0 1 1 1 1 0 0 0 1 1 1 1 0 0 0 1
params:(sp,dist,diff,A,B,C,D):2 2 2 3 0 1 2
周期7
1 0 1 1 2 2 3 3 5 6 8 9 13 14 19 22 28 32 41 47 59 68 83 96 117 134 161 186 221 254 301
0 0 1 1 1 1 0 0 0 1 1 1 1 0 0 0 1 1 1 1 0 0 0 1 1 1 1 0 0 0 1
params:(sp,dist,diff,A,B,C,D):2 2 2 3 0 1 3
周期7
1 0 1 1 2 2 3 3 5 6 8 9 13 14 19 22 28 32 41 47 59 68 83 96 117 134 161 186 221 254 301
0 0 1 1 1 1 0 0 0 1 1 1 1 0 0 0 1 1 1 1 0 0 0 1 1 1 1 0 0 0 1
params:(sp,dist,diff,A,B,C,D):2 2 2 3 0 2 3
周期7
1 0 1 1 2 2 3 3 5 6 8 9 13 14 19 22 28 32 41 47 59 68 83 96 117 134 161 186 221 254 301
0 0 1 1 1 1 0 0 0 1 1 1 1 0 0 0 1 1 1 1 0 0 0 1 1 1 1 0 0 0 1
params:(sp,dist,diff,A,B,C,D):2 2 2 3 1 0 1
周期7
1 0 1 1 2 2 3 3 5 6 8 9 13 14 19 22 28 32 41 47 59 68 83 96 117 134 161 186 221 254 301
0 0 1 1 1 1 0 0 0 1 1 1 1 0 0 0 1 1 1 1 0 0 0 1 1 1 1 0 0 0 1
params:(sp,dist,diff,A,B,C,D):2 2 2 3 1 0 2
周期7
1 0 1 1 2 2 3 3 5 6 8 9 13 14 19 22 28 32 41 47 59 68 83 96 117 134 161 186 221 254 301
0 0 1 1 1 1 0 0 0 1 1 1 1 0 0 0 1 1 1 1 0 0 0 1 1 1 1 0 0 0 1
params:(sp,dist,diff,A,B,C,D):2 2 2 3 1 0 3
周期7
1 0 1 1 2 2 3 3 5 6 8 9 13 14 19 22 28 32 41 47 59 68 83 96 117 134 161 186 221 254 301
0 0 1 1 1 1 0 0 0 1 1 1 1 0 0 0 1 1 1 1 0 0 0 1 1 1 1 0 0 0 1
params:(sp,dist,diff,A,B,C,D):2 2 2 3 1 1 2
周期7
1 0 1 1 2 2 3 3 5 6 8 9 13 14 19 22 28 32 41 47 59 68 83 96 117 134 161 186 221 254 301
0 0 1 1 1 1 0 0 0 1 1 1 1 0 0 0 1 1 1 1 0 0 0 1 1 1 1 0 0 0 1
params:(sp,dist,diff,A,B,C,D):2 2 2 3 1 1 3
周期7
1 0 1 1 2 2 3 3 5 6 8 9 13 14 19 22 28 32 41 47 59 68 83 96 117 134 161 186 221 254 301
0 0 1 1 1 1 0 0 0 1 1 1 1 0 0 0 1 1 1 1 0 0 0 1 1 1 1 0 0 0 1
params:(sp,dist,diff,A,B,C,D):2 2 2 3 1 2 3
周期7
1 0 1 1 2 2 3 3 5 6 8 9 13 14 19 22 28 32 41 47 59 68 83 96 117 134 161 186 221 254 301
0 0 1 1 1 1 0 0 0 1 1 1 1 0 0 0 1 1 1 1 0 0 0 1 1 1 1 0 0 0 1
params:(sp,dist,diff,A,B,C,D):2 2 2 3 2 0 1
周期7
1 0 1 1 2 2 3 3 5 6 8 9 13 14 19 22 28 32 41 47 59 68 83 96 117 134 161 186 221 254 301
0 0 1 1 1 1 0 0 0 1 1 1 1 0 0 0 1 1 1 1 0 0 0 1 1 1 1 0 0 0 1
params:(sp,dist,diff,A,B,C,D):2 2 2 3 2 0 2
周期7
1 0 1 1 2 2 3 3 5 6 8 9 13 14 19 22 28 32 41 47 59 68 83 96 117 134 161 186 221 254 301
0 0 1 1 1 1 0 0 0 1 1 1 1 0 0 0 1 1 1 1 0 0 0 1 1 1 1 0 0 0 1
params:(sp,dist,diff,A,B,C,D):2 2 2 3 3 0 1
周期7
1 0 1 1 2 2 3 3 5 6 8 9 13 14 19 22 28 32 41 47 59 68 83 96 117 134 161 186 221 254 301
0 0 1 1 1 1 0 0 0 1 1 1 1 0 0 0 1 1 1 1 0 0 0 1 1 1 1 0 0 0 1
params:(sp,dist,diff,A,B,C,D):2 2 3 1 1 0 3
周期9
1 0 1 1 1 1 3 2 3 4 4 5 8 7 10 12 13 15 21 20 26 31 34 39 50 51 62 73 80 91 111
0 0 1 1 0 0 1 1 0 0 0 1 1 0 0 1 1 0 0 0 1 1 0 0 1 1 0 0 0 1 1
params:(sp,dist,diff,A,B,C,D):2 2 3 1 1 2 3
周期9
1 0 1 1 1 2 2 2 4 3 5 6 7 8 11 11 15 17 19 23 28 30 38 42 49 57 66 73 88 97 112
0 0 1 1 0 1 0 0 1 0 0 1 1 0 1 0 0 1 0 0 1 1 0 1 0 0 1 0 0 1 1
params:(sp,dist,diff,A,B,C,D):2 3 0 1 1 0 2
周期6
1 0 1 1 2 1 4 2 6 5 9 7 16 11 22 20 33 28 51 42 71 66 100 92 147 131 199 193 275 263 385
0 0 1 1 1 0 1 0 1 1 1 0 1 0 1 1 1 0 1 0 1 1 1 0 1 0 1 1 1 0 1
params:(sp,dist,diff,A,B,C,D):2 3 0 1 2 0 2
周期6
1 0 1 1 2 1 4 2 6 5 9 7 16 11 22 20 33 28 51 42 71 66 100 92 147 131 199 193 275 263 385
0 0 1 1 1 0 1 0 1 1 1 0 1 0 1 1 1 0 1 0 1 1 1 0 1 0 1 1 1 0 1
params:(sp,dist,diff,A,B,C,D):2 3 1 2 1 0 2
周期8
1 0 1 1 2 2 4 3 6 6 10 10 16 16 24 26 36 39 54 58 78 86 112 124 160 177 224 250 311 348 430
0 0 1 1 1 1 1 0 0 0 1 1 1 1 1 0 0 0 1 1 1 1 1 0 0 0 1 1 1 1 1
params:(sp,dist,diff,A,B,C,D):2 3 2 1 0 0 1
周期9
1 0 1 1 2 2 4 4 6 7 10 12 17 19 26 31 40 47 61 71 90 106 131 154 190 222 270 317 381 445 533
0 0 1 1 1 1 1 1 0 0 0 1 1 1 1 1 1 0 0 0 1 1 1 1 1 1 0 0 0 1 1
params:(sp,dist,diff,A,B,C,D):2 3 2 1 0 0 2
周期9
1 0 1 1 2 2 4 4 6 7 10 12 17 19 26 31 40 47 61 71 90 106 131 154 190 222 270 317 381 445 533
0 0 1 1 1 1 1 1 0 0 0 1 1 1 1 1 1 0 0 0 1 1 1 1 1 1 0 0 0 1 1
params:(sp,dist,diff,A,B,C,D):2 3 2 1 1 0 1
周期9
1 0 1 1 2 2 4 4 6 7 10 12 17 19 26 31 40 47 61 71 90 106 131 154 190 222 270 317 381 445 533
0 0 1 1 1 1 1 1 0 0 0 1 1 1 1 1 1 0 0 0 1 1 1 1 1 1 0 0 0 1 1
params:(sp,dist,diff,A,B,C,D):2 3 2 1 2 0 1
周期9
1 0 1 1 2 2 4 4 6 7 10 12 17 19 26 31 40 47 61 71 90 106 131 154 190 222 270 317 381 445 533
0 0 1 1 1 1 1 1 0 0 0 1 1 1 1 1 1 0 0 0 1 1 1 1 1 1 0 0 0 1 1
params:(sp,dist,diff,A,B,C,D):2 3 2 1 3 0 1
周期9
1 0 1 1 2 2 4 4 6 7 10 12 17 19 26 31 40 47 61 71 90 106 131 154 190 222 270 317 381 445 533
0 0 1 1 1 1 1 1 0 0 0 1 1 1 1 1 1 0 0 0 1 1 1 1 1 1 0 0 0 1 1
params:(sp,dist,diff,A,B,C,D):2 3 2 2 0 0 1
周期9
1 0 1 1 2 2 4 4 6 7 10 12 17 19 26 31 40 47 61 71 90 106 131 154 190 222 270 317 381 445 533
0 0 1 1 1 1 1 1 0 0 0 1 1 1 1 1 1 0 0 0 1 1 1 1 1 1 0 0 0 1 1
params:(sp,dist,diff,A,B,C,D):2 3 2 2 0 0 3
周期9
1 0 1 1 2 2 4 4 6 7 10 12 17 19 26 31 40 47 61 71 90 106 131 154 190 222 270 317 381 445 533
0 0 1 1 1 1 1 1 0 0 0 1 1 1 1 1 1 0 0 0 1 1 1 1 1 1 0 0 0 1 1
params:(sp,dist,diff,A,B,C,D):2 3 2 2 1 0 1
周期9
1 0 1 1 2 2 4 4 6 7 10 12 17 19 26 31 40 47 61 71 90 106 131 154 190 222 270 317 381 445 533
0 0 1 1 1 1 1 1 0 0 0 1 1 1 1 1 1 0 0 0 1 1 1 1 1 1 0 0 0 1 1
params:(sp,dist,diff,A,B,C,D):2 3 2 2 1 0 2
周期8
1 0 1 1 2 2 4 3 6 6 10 10 16 16 24 26 36 39 54 58 78 86 112 124 160 177 224 250 311 348 430
0 0 1 1 1 1 1 0 0 0 1 1 1 1 1 0 0 0 1 1 1 1 1 0 0 0 1 1 1 1 1
params:(sp,dist,diff,A,B,C,D):2 3 2 2 2 0 1
周期9
1 0 1 1 2 2 4 4 6 7 10 12 17 19 26 31 40 47 61 71 90 106 131 154 190 222 270 317 381 445 533
0 0 1 1 1 1 1 1 0 0 0 1 1 1 1 1 1 0 0 0 1 1 1 1 1 1 0 0 0 1 1
params:(sp,dist,diff,A,B,C,D):2 3 2 2 3 0 1
周期9
1 0 1 1 2 2 4 4 6 7 10 12 17 19 26 31 40 47 61 71 90 106 131 154 190 222 270 317 381 445 533
0 0 1 1 1 1 1 1 0 0 0 1 1 1 1 1 1 0 0 0 1 1 1 1 1 1 0 0 0 1 1
params:(sp,dist,diff,A,B,C,D):2 3 2 3 0 0 1
周期9
1 0 1 1 2 2 4 4 6 7 10 12 17 19 26 31 40 47 61 71 90 106 131 154 190 222 270 317 381 445 533
0 0 1 1 1 1 1 1 0 0 0 1 1 1 1 1 1 0 0 0 1 1 1 1 1 1 0 0 0 1 1
params:(sp,dist,diff,A,B,C,D):2 3 2 3 0 0 2
周期9
1 0 1 1 2 2 4 4 6 7 10 12 17 19 26 31 40 47 61 71 90 106 131 154 190 222 270 317 381 445 533
0 0 1 1 1 1 1 1 0 0 0 1 1 1 1 1 1 0 0 0 1 1 1 1 1 1 0 0 0 1 1
params:(sp,dist,diff,A,B,C,D):2 3 2 3 0 0 3
周期9
1 0 1 1 2 2 4 4 6 7 10 12 17 19 26 31 40 47 61 71 90 106 131 154 190 222 270 317 381 445 533
0 0 1 1 1 1 1 1 0 0 0 1 1 1 1 1 1 0 0 0 1 1 1 1 1 1 0 0 0 1 1
params:(sp,dist,diff,A,B,C,D):2 3 2 3 0 1 2
周期9
1 0 1 1 2 2 4 4 6 7 10 12 17 19 26 31 40 47 61 71 90 106 131 154 190 222 270 317 381 445 533
0 0 1 1 1 1 1 1 0 0 0 1 1 1 1 1 1 0 0 0 1 1 1 1 1 1 0 0 0 1 1
params:(sp,dist,diff,A,B,C,D):2 3 2 3 0 1 3
周期9
1 0 1 1 2 2 4 4 6 7 10 12 17 19 26 31 40 47 61 71 90 106 131 154 190 222 270 317 381 445 533
0 0 1 1 1 1 1 1 0 0 0 1 1 1 1 1 1 0 0 0 1 1 1 1 1 1 0 0 0 1 1
params:(sp,dist,diff,A,B,C,D):2 3 2 3 0 2 3
周期9
1 0 1 1 2 2 4 4 6 7 10 12 17 19 26 31 40 47 61 71 90 106 131 154 190 222 270 317 381 445 533
0 0 1 1 1 1 1 1 0 0 0 1 1 1 1 1 1 0 0 0 1 1 1 1 1 1 0 0 0 1 1
params:(sp,dist,diff,A,B,C,D):2 3 2 3 1 0 1
周期9
1 0 1 1 2 2 4 4 6 7 10 12 17 19 26 31 40 47 61 71 90 106 131 154 190 222 270 317 381 445 533
0 0 1 1 1 1 1 1 0 0 0 1 1 1 1 1 1 0 0 0 1 1 1 1 1 1 0 0 0 1 1
params:(sp,dist,diff,A,B,C,D):2 3 2 3 1 0 2
周期9
1 0 1 1 2 2 4 4 6 7 10 12 17 19 26 31 40 47 61 71 90 106 131 154 190 222 270 317 381 445 533
0 0 1 1 1 1 1 1 0 0 0 1 1 1 1 1 1 0 0 0 1 1 1 1 1 1 0 0 0 1 1
params:(sp,dist,diff,A,B,C,D):2 3 2 3 1 0 3
周期9
1 0 1 1 2 2 4 4 6 7 10 12 17 19 26 31 40 47 61 71 90 106 131 154 190 222 270 317 381 445 533
0 0 1 1 1 1 1 1 0 0 0 1 1 1 1 1 1 0 0 0 1 1 1 1 1 1 0 0 0 1 1
params:(sp,dist,diff,A,B,C,D):2 3 2 3 1 1 2
周期9
1 0 1 1 2 2 4 4 6 7 10 12 17 19 26 31 40 47 61 71 90 106 131 154 190 222 270 317 381 445 533
0 0 1 1 1 1 1 1 0 0 0 1 1 1 1 1 1 0 0 0 1 1 1 1 1 1 0 0 0 1 1
params:(sp,dist,diff,A,B,C,D):2 3 2 3 1 1 3
周期9
1 0 1 1 2 2 4 4 6 7 10 12 17 19 26 31 40 47 61 71 90 106 131 154 190 222 270 317 381 445 533
0 0 1 1 1 1 1 1 0 0 0 1 1 1 1 1 1 0 0 0 1 1 1 1 1 1 0 0 0 1 1
params:(sp,dist,diff,A,B,C,D):2 3 2 3 1 2 3
周期9
1 0 1 1 2 2 4 4 6 7 10 12 17 19 26 31 40 47 61 71 90 106 131 154 190 222 270 317 381 445 533
0 0 1 1 1 1 1 1 0 0 0 1 1 1 1 1 1 0 0 0 1 1 1 1 1 1 0 0 0 1 1
params:(sp,dist,diff,A,B,C,D):2 3 2 3 2 0 1
周期9
1 0 1 1 2 2 4 4 6 7 10 12 17 19 26 31 40 47 61 71 90 106 131 154 190 222 270 317 381 445 533
0 0 1 1 1 1 1 1 0 0 0 1 1 1 1 1 1 0 0 0 1 1 1 1 1 1 0 0 0 1 1
params:(sp,dist,diff,A,B,C,D):2 3 2 3 3 0 1
周期9
1 0 1 1 2 2 4 4 6 7 10 12 17 19 26 31 40 47 61 71 90 106 131 154 190 222 270 317 381 445 533
0 0 1 1 1 1 1 1 0 0 0 1 1 1 1 1 1 0 0 0 1 1 1 1 1 1 0 0 0 1 1
params:(sp,dist,diff,A,B,C,D):3 2 3 1 1 0 3
周期9
1 0 0 1 1 1 2 1 2 3 3 3 6 5 6 9 9 10 15 14 17 22 23 26 35 35 41 51 55 61 77
0 0 0 1 1 1 1 0 0 0 0 0 1 1 1 1 0 0 0 0 0 1 1 1 1 0 0 0 0 0 1
