n=10 0 1 1 1 1 1 1 1 0 0
n=10 1 1 1 0 1 0 1 1 1 0
n=10 1 1 1 1 -1 1 1 1 1 0
n=10 1 1 1 1 0 1 1 1 1 1
n=10 1 1 1 1 1 1 1 1 1 0
n=11 0 1 1 1 1 1 1 1 1 0 0
n=11 1 1 1 1 0 0 1 1 1 1 0
n=12 0 0 0 1 1 1 1 1 0 0 0 0
n=12 0 1 1 0 0 0 0 0 1 1 0 0
n=12 0 1 1 1 0 -1 0 1 1 1 0 0
n=12 1 0 1 0 1 1 1 0 1 0 1 0
n=12 1 0 1 1 1 -1 1 1 1 0 1 0
n=12 1 0 1 1 1 0 1 -1 1 1 1 0
n=12 1 1 0 0 1 1 1 0 0 1 1 0
n=12 1 1 0 1 1 0 1 1 0 1 1 1
n=12 1 1 0 1 1 0 1 1 1 1 1 0
n=12 1 1 0 1 1 1 1 1 0 1 1 0
n=12 1 1 1 -1 1 0 1 1 1 0 1 0
n=12 1 1 1 0 1 1 1 0 1 1 1 1
n=12 1 1 1 0 1 1 1 1 1 1 1 0
n=12 1 1 1 1 1 0 1 1 0 1 1 0
n=12 1 1 1 1 1 1 1 0 1 1 1 0
n=15 1 1 1 1 0 1 1 1 1 0 1 1 1 1 1
n=15 1 1 1 1 0 1 1 1 1 1 1 1 1 1 0
n=15 1 1 1 1 1 1 1 1 1 0 1 1 1 1 0
n=3 1 1 0
n=4 1 0 1 1
n=4 1 1 1 0
n=5 0 1 1 0 0
n=5 1 0 0 1 0
n=5 1 1 1 1 0
n=6 0 1 1 1 0 0
n=6 0 1 1 1 0 1
n=6 1 0 1 0 1 1
n=6 1 0 1 1 1 0
n=6 1 1 -1 1 1 0
n=6 1 1 0 1 1 1
n=6 1 1 1 0 1 0
n=6 1 1 1 1 1 0
n=7 0 1 1 1 1 0 0
n=7 1 1 0 0 1 1 0
n=8 0 0 1 1 1 0 0 0
n=8 0 1 1 0 0 0 1 0
n=8 0 1 1 1 1 1 0 0
n=8 1 0 0 0 1 1 0 0
n=8 1 0 0 1 0 0 1 0
n=8 1 0 1 1 1 0 1 0
n=8 1 1 0 1 0 1 1 0
n=8 1 1 1 -1 1 1 1 0
n=9 0 0 1 1 1 1 0 0 0
n=9 0 1 1 0 0 1 1 0 0
n=9 0 1 1 0 1 0 0 1 0
n=9 0 1 1 1 1 1 1 0 0
n=9 1 0 1 0 0 1 0 1 0
n=9 1 1 1 0 0 1 1 1 0
