1 : 1
2 : 2
3 : 3
4 : 5
5 : 7
6 : 11
7 : 15
8 : 22
9 : 30
10 : 42
11 : 56
12 : 77
13 : 101
14 : 135
15 : 176
16 : 231
17 : 297
18 : 385
19 : 490
20 : 627
21 : 792
22 : 1002
23 : 1255
24 : 1575
25 : 1958
26 : 2436
27 : 3010
28 : 3718
29 : 4565
30 : 5604
31 : 6842
32 : 8349
33 : 10143
34 : 12310
35 : 14883
36 : 17977
37 : 21637
38 : 26015
39 : 31185
40 : 37338
41 : 44583
42 : 53174
43 : 63261
44 : 75175
45 : 89134
46 : 105558
47 : 124754
48 : 147273
49 : 173525
50 : 204226
0




4




8


10

11

8 4


10 4

11 4

16


10 8

11 8

20
16 4

11 10

22
10 8 4

23
11 8 4

20 4
16 8

11 10 4

22 4
16 10

23 4
16 11

28
20 8
16 8 4

11 10 8

22 8
20 10
16 10 4

23 8
20 11
16 11 4

32
28 4
22 10
20 8 4

23 10
22 11
11 10 8 4

34
23 11
22 8 4
20 10 4
16 10 8

35
23 8 4
20 11 4
16 11 8

32 4
28 8
20 16
22 10 4

23 10 4
22 11 4
16 11 10

34 4
28 10
22 16
23 11 4
20 10 8
16 10 8 4

35 4
28 11
23 16
20 11 8
16 11 8 4

40
32 8
28 8 4
22 10 8
20 16 4

23 10 8
22 11 8
20 11 10
16 11 10 4

34 8
32 10
22 20
28 10 4
23 11 8
22 16 4
20 10 8 4

35 8
32 11
23 20
28 11 4
23 16 4
22 11 10
20 11 8 4

44
40 4
34 10
28 16
32 8 4
23 11 10
20 16 8
22 10 8 4

35 10
34 11
23 22
23 10 8 4
22 11 8 4
20 11 10 4
16 11 10 8

46
35 11
34 8 4
32 10 4
28 10 8
22 20 4
22 16 8
20 16 10
23 11 8 4

47
35 8 4
32 11 4
28 11 8
23 20 4
23 16 8
20 16 11
22 11 10 4

44 4
40 8
32 16
28 20
34 10 4
28 16 4
22 16 10
23 11 10 4
20 16 8 4

35 10 4
34 11 4
28 11 10
23 22 4
23 16 10
22 16 11
20 11 10 8
16 11 10 8 4

46 4
40 10
34 16
28 22
35 11 4
32 10 8
23 16 11
22 20 8
28 10 8 4
22 16 8 4
20 16 10 4

1 0 0 0 1 0 0 0 1 0 1 1 1 0 1 1 1 0 1 1 2 1 2 2 2 1 2 2 3 1 3 3 4 3 5 4 4 3 6 5 5 4 7 7 8 7 9 8 9 8 11
0 0 0 0 1 0 0 0 0 0 1 1 0 0 0 0 0 0 0 0 0 0 0 1 0 0 0 0 1 0 0 0 0 0 1 1 0 0 0 0 0 0 0 0 0 0 0 1 0 0 0
(mod  24 ): 4 10 11 23
