1 : 1
2 : 2
3 : 3
4 : 5
5 : 7
6 : 11
7 : 15
8 : 22
9 : 30
10 : 42
11 : 56
12 : 77
13 : 101
14 : 135
15 : 176
16 : 231
17 : 297
18 : 385
19 : 490
20 : 627
21 : 792
22 : 1002
23 : 1255
24 : 1575
25 : 1958
26 : 2436
27 : 3010
28 : 3718
29 : 4565
30 : 5604
31 : 6842
32 : 8349
33 : 10143
34 : 12310
35 : 14883
36 : 17977
37 : 21637
38 : 26015
39 : 31185
40 : 37338
41 : 44583
42 : 53174
43 : 63261
44 : 75175
45 : 89134
46 : 105558
47 : 124754
48 : 147273
49 : 173525
50 : 204226
0




4




8


10

11

12


14

15

16


18

19

20
16 4

21

22
18 4

23
19 4

24
20 4

21 4

26
22 4

27
23 4

28
24 4
20 8

21 8

30
26 4
22 8

31
27 4
23 8

32
28 4
24 8
22 10

33
23 10

34
30 4
26 8
24 10
23 11

35
31 4
27 8
24 11

36
32 4
28 8
26 10

33 4
27 10
26 11

38
34 4
30 8
28 10
27 11
26 12

39
35 4
31 8
28 11
27 12

40
36 4
32 8
30 10
28 12

33 8
31 10
30 11
27 14

42
38 4
34 8
32 10
31 11
30 12
28 14

43
39 4
35 8
33 10
32 11
31 12
28 15

44
40 4
36 8
34 10
33 11
32 12
30 14
28 16

45
35 10
34 11
33 12
31 14
30 15
27 18

46
42 4
38 8
36 10
35 11
34 12
32 14
31 15
30 16

47
43 4
39 8
36 11
35 12
33 14
32 15
31 16

48
44 4
40 8
38 10
36 12
34 14
33 15
32 16
28 16 4

45 4
39 10
38 11
35 14
34 15
33 16
31 18
27 18 4

50
46 4
42 8
40 10
39 11
38 12
36 14
35 15
34 16
32 18
30 16 4

1 0 0 0 1 0 0 0 1 0 1 1 1 0 1 1 1 0 1 1 2 1 2 2 2 1 2 2 3 1 3 3 4 2 5 4 4 3 6 5 5 4 7 7 8 7 9 8 9 8 11
0 0 0 0 1 0 0 0 0 0 1 1 0 0 0 0 0 0 0 0 0 0 0 1 0 0 0 0 1 0 0 0 0 -1 1 1 0 1 0 0 0 0 0 1 1 0 0 0 -1 0 0
